40019796
40019804
40019815
40019833
40019858
40019867
40019871
40019877
40019894
40019921
40019931
40019934
40019948
40019957
40019985
40019989
40020011
40020018
40020033
40020034
40020046
40020051
40020063
40020067
40020072
40020079
40020099
40020105
40020110
40020116
40020123
40020136
40020138
40020146
40020148
40020149
40020152
40020154
40020158
40020170
40020172
40020173
40020193
40020196
40020198
40020203
40020206
40020207
40020209
40020222
40020223
40020236
40020240
40020243
40020244
40020250
40020263
40020267
40020281
40020288
40020290
40020291
40020300
40020306
40020311
40020314
40020315
40020318
40020322
40020324
40020329
40020330
40020331
40020334
40020339
40020349
40020351
40020353
40020354
40020362
40020366
40020369
40020370
40020373
40020380
40020387
40020394
40020401
40020406
40020407
40020412
40020418
40020423
40020436
40020438
40020444
40020453
40020456
40020457
40020460
40020463
40020468
40020471
40020472
40020474
40020479
40020486
40020492
40020505
40020506
40020520
40020521
40020523
40020527
40020532
40020557
40020561
40020566
40020568
40020570
40020576
40020581
40020583
40020585
40020588
40020593
40020594
40020597
40020607
40020608
40020616
40020618
40020632
40020642
40020645
40020647
40020655
40020662
40020665
40020677
40020683
40020688
40020693
40020695
40020708
40020713
40020716
40020729
40020739
40020741
40020752
40020755
40020756
40020757
40020767
40020775
40020782
40020783
40020784
40020786
40020803
40020816
40020817
40020823
40020835
40020848
40020853
40020859
40020860
40020861
40020868
40020871
40020875
40020881
40020887
40020888
40020891
40020896
40020901
40020902
40020907
40020908
40020913
40020921
40020924
40020925
40020929
40020931
40020933
40020937
40020938
40020939
40020952
40020961
40020971
40020974
40020975
40020976
40020977
40020983
40020989
40020990
40020997
40020999
40021003
40021004
40021005
40021013
40021017
40021020
40021022
40021024
40021027
40021029
40021033
40021034
40021035
40021040
40021045
40021050
40021052
40021058
40021062
40021063
40021070
40021074
40021076
40021087
40021090
40021092
40021101
40021102
40021103
40021104
40021105
40021108
40021113
40021123
40021124
40021129
40021130
40021142
40021143
40021145
40021146
40021147
40021153
40021161
40021176
40021179
40021182
40021190
40021193
40021196
40021199
40021201
40021205
40021208
40021211
40021212
40021219
40021220
40021221
40021227
40021228
40021235
40021238
40021240
40021246
40021248
40021249
40021252
40021255
40021256
40021267
40021268
40021269
40021271
40021276
40021277
40021280
40021287
40021288
40021291
40021297
40021303
40021305
40021315
40021316
40021319
40021322
40021327
40021332
40021333
40021337
40021340
40021342
40021349
40021351
40021353
40021354
40021356
40021360
40021367
40021368
40021369
40021372
40021378
40021383
40021384
40021386
40021387
40021389
40021394
40021395
40021406
40021410
40021412
40021413
40021419
40021420
40021429
40021430
40021431
40021434
40021440
40021444
40021449
40021450
40021459
40021464
40021467
40021470
40021479
40021480
40021483
40021485
40021498
40021504
40021506
40021512
40021514
40021522
40021535
40021547
40021551
40021554
40021559
40021564
40021575
40021581
40021582
40021590
40021591
40021592
40021600
40021603
40021606
40021611
40021613
40021618
40021625
40021632
40021633
40021634
40021636
40021639
40021640
40021644
40021652
40021655
40021658
40021663
40021664
40021665
40021669
40021676
40021677
40021678
40021687
40021697
40021699
40021700
40021702
40021709
40021710
40021715
40021717
40021718
40021719
40021721
40021726
40021730
40021732
40021733
40021737
40021744
40021751
40021752
40021754
40021762
40021764
40021768
40021776
40021780
40021781
40021785
40021787
40021789
40021793
40021800
40021805
40021811
40021812
40021813
40021814
40021816
40021822
40021825
40021827
40021834
40021835
40021836
40021838
40021846
40021847
40021853
40021857
40021859
40021862
40021866
40021868
40021870
40021875
40021887
40021888
40021893
40021898
40021903
40021905
40021908
40021910
40021925
40021929
40021932
40021941
40021947
40021949
40021950
40021954
40021957
40021959
40021964
40021965
40021966
40021972
40021973
40021975
40021976
40021987
40021993
40021995
40022003
40022008
40022009
40022010
40022014
40022020
40022025
40022032
40022033
40022042
40022043
40022047
40022048
40022052
40022057
40022058
40022063
40022065
40022066
40022067
40022068
40022073
40022077
40022096
40022098
40022099
40022100
40022106
40022107
40022117
40022118
40022119
40022122
40022126
40022131
40022137
40022155
40022162
40022166
40022168
40022169
40022170
40022171
40022172
40022183
40022184
40022189
40022192
40022199
40022200
40022201
40022205
40022211
40022212
40022215
40022216
40022217
40022219
40022223
40022226
40022233
40022246
40022250
40022261
40022267
40022270
40022271
40022272
40022278
40022281
40022283
40022287
40022290
40022299
40022305
40022308
40022311
40022312
40022316
40022320
40022340
40022341
40022344
40022347
40022356
40022358
40022362
40022367
40022376
40022378
40022379
40022380
40022381
40022389
40022390
40022391
40022394
40022398
40022402
40022403
40022404
40022406
40022410
40022412
40022415
40022416
40022427
40022429
40022430
40022435
40022436
40022440
40022443
40022445
40022446
40022450
40022453
40022454
40022461
40022465
40022466
40022471
40022478
40022480
40022481
40022486
40022487
40022491
40022494
40022498
40022499
40022500
40022501
40022502
40022503
40022509
40022511
40022512
40022514
40022515
40022516
40022518
40022519
40022520
40022521
40022522
40022524
40022526
40022527
40022528
40022532
40022535
40022537
40022541
40022550
40022552
40022553
40022554
40022555
40022561
40022562
40022566
40022570
40022577
40022579
40022583
40022584
40022590
40022592
40022594
40022595
40022598
40022600
40022602
40022603
40022610
40022614
40022615
40022618
40022619
40022620
40022621
40022624
40022626
40022627
40022630
40022631
40022639
40022646
40022647
40022651
40022660
40022661
40022662
40022665
40022676
40022678
40022684
40022687
40022689
40022695
40022698
40022708
40022716
40022720
40022723
40022727
40022728
40022729
40022734
40022737
40022740
40022746
40022748
40022749
40022762
40022764
40022769
40022771
40022774
40022785
40022788
40022797
40022804
40022806
40022818
40022822
40022830
40022834
40022838
40022839
40022842
40022843
40022852
40022857
40022863
40022870
40022875
40022881
40022883
40022888
40022894
40022898
40022901
40022902
40022906
40022912
40022936
40022947
40022950
40022954
40022955
40022960
40022961
40022966
40022971
40022974
40022975
40022976
40022977
40022978
40022979
40022988
40022992
40022998
40023009
40023018
40023025
40023030
40023031
40023033
40023035
40023036
40023039
40023041
40023042
40023043
40023047
40023049
40023051
40023059
40023061
40023073
40023075
40023077
40023086
40023092
40023093
40023105
40023108
40023111
40023117
40023118
40023123
40023126
40023130
40023132
40023134
40023136
40023143
40023144
40023157
40023161
40023162
40023166
40023167
40023172
40023174
40023178
40023179
40023186
40023188
40023189
40023190
40023197
40023198
40023211
40023215
40023217
40023218
40023221
40023224
40023225
40023227
40023229
40023241
40023242
40023243
40023246
40023256
40023261
40023262
40023266
40023280
40023284
40023287
40023290
40023292
40023295
40023298
40023305
40023306
40023307
40023320
40023323
40023325
40023337
40023338
40023341
40023342
40023344
40023348
40023361
40023368
40023373
40023374
40023378
40023383
40023385
40023390
40023391
40023392
40023394
40023403
40023404
40023405
40023407
40023414
40023416
40023419
40023422
40023427
40023429
40023433
40023434
40023440
40023445
40023446
40023452
40023455
40023456
40023459
40023460
40023461
40023469
40023472
40023477
40023485
40023494
40023498
40023500
40023501
40023503
40023507
40023509
40023510
40023514
40023515
40023516
40023517
40023527
40023528
40023530
40023532
40023534
40023539
40023543
40023546
40023547
40023548
40023553
40023555
40023556
40023560
40023561
40023563
40023572
40023575
40023580
40023583
40023584
40023589
40023594
40023597
40023604
40023606
40023614
40023615
40023617
40023621
40023623
40023625
40023632
40023633
40023636
40023637
40023648
40023651
40023652
40023657
40023664
40023667
40023668
40023670
40023671
40023672
40023673
40023675
40023689
40023693
40023697
40023699
40023704
40023706
40023709
40023711
40023717
40023719
40023726
40023727
40023730
40023731
40023735
40023744
40023746
40023747
40023748
40023750
40023751
40023759
40023760
40023761
40023767
40023768
40023772
40023773
40023781
40023783
40023787
40023788
40023790
40023791
40023792
40023793
40023798
40023804
40023808
40023810
40023815
40023820
40023823
40023838
40023839
40023845
40023847
40023852
40023855
40023859
40023863
40023868
40023871
40023876
40023883
40023887
40023891
40023892
40023893
40023898
40023900
40023910
40023916
40023923
40023925
40023926
40023927
40023928
40023931
40023937
40023940
40023942
40023960
40023961
40023968
40023972
40023974
40023975
40023976
40023981
40023983
40023985
40023986
40023988
40023996
40024007
40024010
40024011
40024018
40024023
40024025
40024026
40024031
40024033
40024034
40024036
40024039
40024043
40024049
40024051
40024053
40024060
40024061
40024062
40024069
40024076
40024077
40024082
40024083
40024087
40024088
40024089
40024093
40024097
40024098
40024101
40024102
40024114
40024115
40024116
40024117
40024120
40024122
40024123
40024126
40024133
40024152
40024158
40024160
40024168
40024171
40024178
40024180
40024183
40024190
40024191
40024194
40024196
40024202
40024207
40024210
40024220
40024221
40024227
40024234
40024242
40024243
40024252
40024257
40024260
40024277
40024281
40024293
40024296
40024297
40024303
40024306
40024310
40024312
40024316
40024328
40024331
40024339
40024347
40024350
40024374
40024377
40024381
40024382
40024385
40024395
40024396
40024436
40024456
40024460
40024478
40024487
40024488
40024499
40024507
40024515
40024535
40024538
40024553
40024576
40024586
40024588
40024596
40024599
40024613
40024631
40024637
40024640
40024646
40024660
40024698
40024794
40024797
40024802
40034760
40034766
40034772
40034773
40034784
40034793
40034808
40034809
40034817
40034819
40034838
40034840
40034846
40034854
40034856
40034865
40034869
40034871
40034872
40034877
40034883
40034885
40034890
40034896
40034914
40034917
40034918
40034923
40034927
40034935
40034937
40034940
40034953
40034958
40034965
40034966
40034972
40034973
40034975
40034977
40034991
40034993
40035000
40035006
40035010
40035016
40035019
40035022
40035023
40035025
40035030
40035032
40035036
40035040
40035045
40035056
40035060
40035067
40035082
40035083
40035084
40035089
40035091
40035101
40035104
40035111
40035112
40035121
40035131
40035135
40035139
40035141
40035152
40035170
40035172
40035178
40035188
40035189
40035216
40035221
40035223
40035225
40035228
40035235
40035237
40035241
40035244
40035256
40035259
40035266
40035269
40035271
40035275
40035281
40035284
40035288
40035289
40035290
40035293
40035297
40035298
40035301
40035309
40035311
40035313
40035314
40035315
40035320
40035323
40035329
40035342
40035349
40035353
40035355
40035356
40035359
40035377
40035378
40035379
40035381
40035399
40035400
40035407
40035408
40035409
40035410
40035413
40035418
40035421
40035427
40035431
40035442
40035445
40035446
40035462
40035468
40035470
40035471
40035472
40035475
40035483
40035484
40035485
40035486
40035490
40035493
40035495
40035502
40035503
40035509
40035510
40035516
40035529
40035533
40035555
40035567
40035570
40035574
40035579
40035583
40035584
40035591
40035596
40035601
40035603
40035613
40035626
40035628
40035630
40035632
40035639
40035640
40035645
40035649
40035655
40035657
40035673
40035679
40035682
40035685
40035688
40035690
40035693
40035698
40035700
40035701
40035704
40035707
40035710
40035711
40035713
40035718
40035724
40035734
40035744
40035746
40035749
40035750
40035751
40035755
40035766
40035769
40035777
40035792
40035796
40035798
40035805
40035808
40035809
40035829
40035835
40035844
40035846
40035847
40035867
40035871
40035923
40035933
40041899
40041917
40041918
40041923
40041930
40041935
40041968
40041979
40041980
40041994
40041999
40042021
40042022
40042027
40042032
40042036
40042037
40042051
40042062
40042065
40042066
40042072
40042075
40042079
40042080
40042092
40042094
40042096
40042099
40042104
40042107
40042108
40042113
40042117
40042120
40042139
40042152
40042156
40042163
40042164
40042169
40042171
40042188
40042200
40042201
40042219
40042224
40042227
40042233
40042234
40042236
40042237
40042239
40042240
40042244
40042252
40042256
40042260
40042262
40042272
40042275
40042282
40042283
40042285
40042287
40042292
40042294
40042302
40042303
40042311
40042321
40042341
40042342
40042348
40042355
40042359
40042361
40042366
40042372
40042384
40042389
40042390
40042403
40042414
40042424
40042425
40042426
40042433
40042438
40042439
40042441
40042449
40042450
40042462
40042463
40042472
40042476
40042483
40042504
40042506
40042509
40042511
40042518
40042533
40042535
40042536
40042542
40042543
40042545
40042553
40042556
40042558
40042567
40042571
40042582
40042584
40042594
40042601
40042605
40042607
40042610
40042611
40042614
40042615
40042616
40042625
40042629
40042637
40042638
40042642
40042663
40042664
40042670
40042671
40042674
40042676
40042678
40042682
40042684
40042706
40042708
40042711
40042714
40042715
40042717
40042722
40042724
40042732
40042738
40042751
40042782
40042785
40042786
40042789
40042790
40042792
40042803
40042814
40042847
40042849
40042860
40042861
40042903
40042913
40042940
40067709
40067711
40067759
40067774
40067797
40067801
40067809
40067850
40067857
40067862
40067863
40067864
40067906
40067908
40067916
40067917
40067927
40067966
40067976
40067978
40067980
40067985
40067989
40068000
40068001
40068007
40068009
40068010
40068034
40068045
40068055
40068059
40068071
40068078
40068083
40068089
40068097
40068111
40068122
40068140
40068141
40068152
40068166
40068178
40068194
40068195
40068196
40068198
40068203
40068204
40068205
40068217
40068232
40068233
40068241
40068249
40068259
40068262
40068269
40068281
40068287
40068292
40068300
40068303
40068309
40068312
40068323
40068324
40068328
40068332
40068335
40068339
40068343
40068345
40068346
40068355
40068360
40068378
40068380
40068384
40068386
40068387
40068396
40068402
40068403
40068404
40068411
40068412
40068418
40068419
40068422
40068423
40068426
40068433
40068438
40068444
40068452
40068454
40068455
40068462
40068463
40068467
40068468
40068470
40068472
40068474
40068475
40068479
40068486
40068493
40068494
40068501
40068507
40068508
40068510
40068511
40068516
40068521
40068522
40068525
40068537
40068539
40068540
40068554
40068557
40068562
40068567
40068568
40068572
40068579
40068582
40068589
40068592
40068597
40068603
40068605
40068610
40068614
40068617
40068625
40068626
40068628
40068629
40068631
40068641
40068644
40068653
40068659
40068660
40068666
40068674
40068680
40068682
40068686
40068687
40068692
40068693
40068694
40068695
40068705
40068706
40068714
40068715
40068723
40068725
40068726
40068732
40068734
40068739
40068759
40068760
40068767
40068771
40068773
40068774
40068776
40068781
40068783
40068785
40068792
40068794
40068795
40068799
40068805
40068806
40068811
40068829
40068835
40068841
40068844
40068848
40068854
40068855
40068863
40068866
40068877
40068878
40068879
40068880
40068884
40068886
40068894
40068895
40068905
40068906
40068907
40068916
40068926
40068934
40068936
40068941
40068947
40068953
40068959
40068960
40068968
40068970
40069000
40069001
40069011
40069014
40069018
40069019
40069021
40069023
40069025
40069027
40069030
40069036
40069042
40069043
40069049
40069050
40069058
40069069
40069075
40069076
40069080
40069093
40069097
40069098
40069099
40069104
40069108
40069127
40069128
40069131
40069132
40069133
40069135
40069137
40069138
40069142
40069162
40069172
40069173
40069178
40069184
40069203
40069219
40069227
40069229
40069234
40069235
40069239
40069244
40069250
40069251
40069262
40069264
40069268
40069275
40069276
40069277
40069278
40069282
40069287
40069288
40069289
40069299
40069300
40069303
40069306
40069313
40069314
40069315
40069319
40069328
40069336
40069343
40069344
40069355
40069356
40069360
40069362
40069365
40069372
40069377
40069378
40069380
40069409
40069412
40069417
40069419
40069433
40069434
40069436
40069443
40069462
40069464
40069472
40069476
40069477
40069489
40069490
40069491
40069492
40069494
40069497
40069498
40069507
40069513
40069514
40069518
40069530
40069532
40069533
40069534
40069535
40069537
40069539
40069540
40069545
40069553
40069555
40069557
40069558
40069560
40069567
40069570
40069574
40069577
40069579
40069580
40069589
40069609
40069612
40069613
40069619
40069620
40069627
40069629
40069630
40069639
40069643
40069646
40069647
40069660
40069667
40069677
40069682
40069684
40069697
40069700
40069701
40069707
40069716
40069718
40069734
40069735
40069736
40069745
40069751
40069757
40069769
40069770
40069771
40069773
40069776
40069786
40069798
40069799
40069802
40069805
40069808
40069811
40069826
40069828
40069833
40069836
40069839
40069843
40069845
40069853
40069855
40069858
40069860
40069867
40069869
40069876
40069877
40069878
40069880
40069881
40069882
40069887
40069891
40069896
40069905
40069916
40069917
40069918
40069923
40069924
40069926
40069935
40069942
40069948
40069956
40069960
40069968
40069969
40069972
40069973
40069978
40069985
40070000
40070014
40070022
40070026
40070028
40070029
40070030
40070031
40070034
40070056
40070057
40070058
40070067
40070068
40070069
40070074
40070077
40070081
40070088
40070094
40070100
40070101
40070109
40070111
40070124
40070132
40070137
40070146
40070148
40070151
40070161
40070177
40070179
40070182
40070189
40070192
40070215
40070216
40070224
40070225
40070228
40070234
40070236
40070237
40070245
40070249
40070255
40070257
40070259
40070260
40070261
40070262
40070271
40070278
40070280
40070285
40070292
40070305
40070308
40070314
40070323
40070327
40070330
40070339
40070341
40070343
40070351
40070354
40070360
40070361
40070364
40070365
40070376
40070379
40070384
40070395
40070398
40070405
40070406
40070409
40070416
40070417
40070421
40070427
40070431
40070436
40070442
40070449
40070451
40070454
40070455
40070457
40070465
40070470
40070479
40070481
40070488
40070492
40070493
40070496
40070497
40070500
40070501
40070502
40070506
40070510
40070517
40070519
40070525
40070528
40070532
40070543
40070544
40070545
40070548
40070550
40070558
40070562
40070564
40070567
40070574
40070580
40070582
40070588
40070595
40070597
40070601
40070612
40070615
40070619
40070621
40070637
40070638
40070649
40070653
40070654
40070658
40070660
40070668
40070674
40070681
40070683
40070686
40070688
40070693
40070694
40070699
40070702
40070707
40070713
40070714
40070715
40070717
40070729
40070742
40070743
40070754
40070755
40070761
40070767
40070768
40070769
40070772
40070774
40070775
40070776
40070777
40070779
40070781
40070787
40070792
40070798
40070800
40070802
40070809
40070812
40070815
40070816
40070817
40070819
40070824
40070826
40070828
40070833
40070837
40070840
40070844
40070847
40070849
40070853
40070858
40070861
40070868
40070882
40070883
40070896
40070899
40070900
40070910
40070913
40070914
40070918
40070921
40070924
40070934
40070942
40070943
40070946
40070954
40070957
40070963
40070968
40070977
40070979
40070981
40070989
40070991
40070992
40070997
40071000
40071001
40071002
40071024
40071034
40071043
40071051
40071054
40071055
40071065
40071087
40071095
40071104
40071112
40071115
40071121
40071125
40071128
40071135
40071139
40071141
40071142
40071146
40071149
40071150
40071155
40071167
40071176
40071177
40071178
40071183
40071186
40071189
40071193
40071213
40071214
40071215
40071216
40071221
40071225
40071230
40071240
40071241
40071243
40071248
40071249
40071250
40071251
40071253
40071255
40071259
40071270
40071271
40071272
40071278
40071280
40071288
40071289
40071293
40071303
40071305
40071311
40071314
40071315
40071323
40071325
40071334
40071338
40071340
40071341
40071342
40071355
40071358
40071366
40071369
40071385
40071389
40071390
40071394
40071395
40071398
40071405
40071407
40071411
40071421
40071426
40071443
40071449
40071452
40071453
40071457
40071472
40071475
40071489
40071492
40071495
40071496
40071497
40071501
40071503
40071513
40071514
40071521
40071522
40071525
40071530
40071546
40071553
40071557
40071558
40071567
40071568
40071569
40071574
40071576
40071578
40071583
40071586
40071587
40071592
40071593
40071594
40071596
40071604
40071623
40071625
40071627
40071628
40071629
40071631
40071641
40071647
40071661
40071664
40071680
40071684
40071693
40071694
40071704
40071708
40071711
40071717
40071723
40071727
40071728
40071731
40071740
40071743
40071748
40071752
40071754
40071766
40071772
40071775
40071777
40071782
40071786
40071793
40071797
40071801
40071806
40071808
40071817
40071824
40071831
40071833
40071849
40071857
40071862
40071865
40071869
40071871
40071878
40071883
40071885
40071886
40071888
40071889
40071898
40071899
40071900
40071907
40071916
40071930
40071933
40071939
40071945
40071947
40071949
40071956
40071958
40071961
40071963
40071969
40071971
40071980
40071988
40071991
40071998
40072003
40072012
40072014
40072015
40072016
40072037
40072038
40072039
40072040
40072043
40072051
40072058
40072062
40072063
40072064
40072071
40072073
40072079
40072083
40072086
40072088
40072089
40072100
40072118
40072121
40072122
40072125
40072126
40072135
40072141
40072143
40072146
40072147
40072156
40072160
40072166
40072171
40072178
40072183
40072184
40072185
40072186
40072188
40072213
40072217
40072218
40072220
40072221
40072224
40072228
40072229
40072246
40072247
40072248
40072251
40072252
40072257
40072260
40072266
40072269
40072279
40072287
40072288
40072303
40072310
40072311
40072319
40072325
40072341
40072354
40072357
40072361
40072364
40072366
40072367
40072374
40072377
40072386
40072389
40072396
40072399
40072400
40072405
40072419
40072428
40072429
40072431
40072432
40072439
40072441
40072442
40072444
40072446
40072448
40072465
40072468
40072472
40072475
40072477
40072484
40072492
40072504
40072515
40072517
40072518
40072525
40072527
40072531
40072537
40072543
40072552
40072556
40072558
40072561
40072574
40072588
40072589
40072596
40072597
40072599
40072601
40072605
40072610
40072619
40072626
40072631
40072632
40072641
40072644
40072646
40072657
40072672
40072678
40072679
40072681
40072683
40072687
40072688
40072705
40072709
40072711
40072713
40072737
40072741
40072745
40072746
40072747
40072753
40072769
40072781
40072784
40072791
40072793
40072809
40072815
40072822
40072823
40072841
40072844
40072846
40072853
40072858
40072859
40072863
40072867
40072874
40072877
40072880
40072892
40072897
40072910
40072928
40072930
40072944
40072945
40072957
40072965
40072979
40072985
40072987
40073003
40073026
40073037
40073043
40073049
40073062
40073068
40073069
40073071
40073089
40073090
40073091
40073105
40073115
40073130
40073137
40073149
40073169
40073179
40073199
40073225
40073246
40073249
40073280
40073289
40073304
40073305
40073319
40073389
40073483
40085616
40085635
40085728
40085734
40085759
40085789
40085794
40085795
40085799
40085814
40085823
40085828
40085854
40085855
40085858
40085869
40085879
40085883
40085887
40085890
40085901
40085903
40085908
40085913
40085925
40085926
40085931
40085939
40085950
40085959
40085962
40085971
40085974
40085979
40086005
40086009
40086010
40086017
40086024
40086027
40086029
40086035
40086039
40086052
40086062
40086066
40086068
40086076
40086079
40086080
40086100
40086105
40086112
40086116
40086118
40086138
40086141
40086165
40086166
40086178
40086182
40086186
40086190
40086206
40086212
40086222
40086226
40086235
40086288
40086294
40086314
40086323
40086325
40086326
40086350
40086356
40086363
40086372
40086373
40086391
40086392
40086394
40086395
40086396
40086404
40086423
40086436
40086439
40086443
40086456
40086463
40086474
40086493
40086500
40086527
40086531
40086552
40086561
40086571
40086589
40086610
40086640
40086646
40086649
40086657
40086681
40086689
40086710
40086723
40086738
40086746
40086747
40086753
40086757
40086758
40086763
40086765
40086767
40086794
40086804
40086805
40086810
40086815
40086818
40086829
40086830
40086838
40086844
40086848
40086850
40086855
40086858
40086867
40086872
40086874
40086891
40086895
40086900
40086904
40086906
40086955
40086973
40087004
40087017
40092803
40092843
40092853
40092855
40092866
40092868
40092870
40092871
40092872
40092911
40092918
40092923
40092943
40092952
40092966
40092991
40093002
40093004
40093010
40093013
40093016
40093018
40093020
40093024
40093035
40093045
40093055
40093062
40093067
40093070
40093087
40093089
40093092
40093105
40093107
40093114
40093116
40093123
40093125
40093133
40093136
40093154
40093158
40093178
40093181
40093185
40093197
40093198
40093201
40093202
40093223
40093226
40093242
40093247
40093270
40093278
40093282
40093292
40093299
40093304
40093305
40093311
40093330
40093333
40093348
40093352
40093356
40093382
40093393
40093398
40093405
40093412
40093415
40093426
40093429
40093432
40093461
40093468
40098726
40098743
40098758
40098763
40098810
40098817
40098824
40098829
40098833
40098839
40098845
40098868
40098869
40098870
40098878
40098884
40098888
40098893
40098896
40098898
40098903
40098922
40098933
40098934
40098945
40098953
40098958
40098963
40098964
40098979
40098980
40098981
40098983
40098985
40098988
40098991
40099005
40099006
40099016
40099024
40099039
40099053
40099060
40099064
40099066
40099068
40099092
40099103
40099105
40099106
40099116
40099117
40099124
40099125
40099127
40099148
40099149
40099164
40099167
40099170
40099192
40099199
40099205
40099206
40099225
40099243
40099248
40099255
40099258
40099259
40099267
40099269
40099278
40099287
40099293
40099295
40099314
40099316
40099322
40099333
40099335
40099339
40099342
40099348
40099352
40099353
40099409
40099492
40103192
40103208
40103211
40103242
40103252
40103284
40103298
40103306
40103341
40103358
40103378
40103384
40103385
40103386
40103388
40103411
40103426
40103449
40103465
40103492
40103514
40107123
40107131
40107165
40107186
40107216
40107235
40107246
40107323
40107325
40107332
40107347
40107351
40107379
40107382
40107383
40107427
40107429
40107434
40107445
40107451
40107462
40107488
40107492
40107505
40107506
40107517
40107522
40110667
40110678
40110687
40110719
40110723
40110736
40110747
40110788
40110823
40110824
40110825
40110830
40110832
40110838
40110843
40110847
40110848
40110856
40110862
40110894
40110900
40110908
40110912
40110914
40110918
40110926
40110936
40110937
40110963
40110976
40110981
40113807
40113831
40113838
40113880
40113899
40113902
40113915
40113926
40113963
40113966
40113970
40113971
40114000
40114003
40114048
40114069
40114076
40119116
40119178
40119245
40119286
40119305
40119315
40119328
40119344
40119347
40122669
40122683
40122744
40122768
40122819
40122840
40122848
40122852
40122877
40122883
40125708
40125710
40125746
40125771
40125786
40125804
40128962
40128973
40129046
40129080
40129101
40129128
40129130
40129173
40132184
40132199
40132218
40132254
40132257
40135044
40137548
40137555
40137563
40137570
40137640
40137643
40137664
40137690
40137707
40137710
40137719
40137734
40137743
40137750
40137754
40137756
40139939
40139944
40139983
40140013
40142439
40142452
40142460
40142496
40142512
40142542
40142562
40142574
40145033
40145047
40145072
40145076
40145086
40145156
40145176
40145181
40147695
40147708
40147745
40147785
40147874
40147890
40147892
40150094
40150158
40150171
40150178
40150213
40152647
40152663
40152685
40152709
40152778
40152825
40155522
40158733
40164989
40165020
40165062
40165068
40165079
40165092
40165128
40165177
40165222
40165252
40165264
40165270
40165295
40165305
40165311
40165394
40165413
40165449
40165485
40165527
40165596
40165598
40165646
40165699
40165714
40165725
40170541
40170569
40170572
40170629
40170633
40170691
40170776
40170778
40170812
40170815
40170855
40170859
40170872
40170924
40170944
40170963
40170988
40170990
40170998
40171001
40171034
40174975
40175049
40175083
40175085
40175090
40175174
40175207
40175221
40175248
40175259
40175327
40175385
40175425
40175431
40175432
40175442
40175491
40178597
40178664
40178760
40178792
40178813
40178815
40178879
40178943
40178963
40178972
40178975
40181878
40181889
40181931
40182076
40182131
40184941
40184970
40185008
40185031
40185050
40185066
40185076
40185111
40185199
40185216
40185244
40185278
40185323
40188081
40188090
40188140
40188160
40188172
40188215
40188278
40188317
40188347
40188390
40188407
40188434
40188454
40191213
40191229
40191231
40191241
40191472
40191483
40191497
40194273
40194278
40194291
40194292
40194341
40194402
40197504
40197512
40197553
40197637
40197641
40200206
40200240
40200460
40202831
40202855
40202987
40203050
40205880
40205882
40206022
40206043
40206132
40206149
40206161
40206187
40209072
40209208
40209225
40209261
40209289
40209293
40211879
40211886
40211890
40211965
40214363
40214408
40214452
40214472
40214478
40214488
40214532
40216733
40216743
40216778
40216898
40216926
40216935
40216970
40218897
40218959
40219021
40222303
40222310
40222394
40222405
40222470
40222503
40222508
40222540
40222571
40222621
40222656
40222665
40222715
40222717
40222718
40222733
40222742
40222746
40225656
40225683
40225758
40225823
40225854
40225959
40228644
40228687
40231414
40231433
40231463
40231478
40231540
40231734
40231756
40231770
40231777
40234432
40234508
40234510
40234516
40234540
40234551
40234552
40234571
40234612
40234637
40234653
40234676
40237574
40237669
40237692
40237702
40237813
40240318
40240359
40240424
40240499
40240511
40240551
40240587
40242891
40242943
40243012
40243032
40243133
40243152
40245045
40245179
40247155
40247270
40247318
40247352
40249651
40251948
40251973
40251988
40252006
40252022
40252066
40252122
40252123
40252168
40252233
40254234
40254382
40254446
40256717
40256807
40256819
40256892
40256935
40258889
40259058
40261203
40261273
40261362
40263619
40263680
40263692
40265886
40265936
40265953
40266039
40268010
40268076
40268196
40270589
40270702
40270714
40270868
40270886
40270911
40273410
40273462
40273615
40273741
40276180
40276228
40276248
40276314
40278921
40279003
40279098
40279138
40279139
40279161
40281877
40281948
40282008
40282043
40282052
40282082
40284389
40284509
40292064
40292076
40292162
40292182
40292380
40292399
40292495
40292505
40292800
40292909
40293264
40293311
40293468
40303880
40316237
40316405
40320639
40324899
40328689
40332428
40336519
40336632
40336713
40337195
40341589
40341720
40345087
40345250
40349283
40353645
40356364
40356462
40356542
40356562
40358727
40358773
40361570
40363567
40363609
40363651
40363664
40363688
40363699
40365736
40367724
40367748
40367808
40367819
40367829
40369724
40369733
40371595
40373611
40375319
40375416
40375421
40375434
40377186
40377266
40377303
40377311
40379070
40379096
40379111
40379153
40380897
40380991
40391886
40403680
40412161
40418067
40420826
40430940
40431583
40435331
40442396
40444765
40450931
40450993
40451108
40460574
40460700
40464802
40466766
40477631
40483938
40489912
40501548
40501822
40528259
40531444
40540915
40543534
40543590
40545987
40548161
40554862
40554927
40631327
40633059
40634937
40635010
40635683
40635697
42137643
42351336
42757983
42760578
42764131
42784225
42785610
42786713
42789835
42789943
42796660
42797561
42805472
42809010
42815226
42816739
42821877
42828869
42829871
42829923
42831878
42832016
42833021
42834575
43295256
43295266
43296620
43301585
43301666
43304300
43308163
43309462
43315114
43316778
43318601
43324615
43335436
43338006
43339769
43339775
43342209
43344353
43354052
43356230
43378870
43378921
43383114
43388420
43400660
43406009
43408375
43421612
43423754
43430526
43431963
43431984
43438895
43439831
50000176
50000177
50000179
50000182
50000185
50000199
50000201
50000438
50000441
50000968
50000969
50000970
50001057
50001059
50006019
50006455
50006464
50006466
50006468
50006469
50006477
50006479
50006480
50006481
50006482
50006484
50006488
50006489
50006490
50010872
50010878
50012308
50012310
50012311
50012313
50012317
50012319
50012321
50012326
50012327
50012328
50012331
50012332
50012335
50012358
50012359
50012362
50012364
50012369
50012376
50012384
50013058
50013074
50013076
50013113
50013114
50013119
50013402
50013947
50013971
50013976
50014150
50031960
50032118
50032241
50032754
50033236
50033471
50033475
50033742
50033751
50033763
50037371
50037373
50037377
50037389
50037401
50037411
50037413
50037414
50037416
50037424
50037426
50037436
50037438
50037446
50037452
50037456
50037462
50037477
50037486
50043505
50043522
50043526
50043527
50043549
50043555
50043560
50043569
50043571
50043572
50043581
50043584
50043590
50043594
50043608
50043609
50043610
50043618
50043631
50043634
50043635
50043637
50043653
50043660
50043674
50043683
50043687
50043688
50043708
50043713
50043717
50043719
50043721
50043732
50043735
50043738
50043744
50043750
50043760
50043763
50043767
50043769
50043770
50043776
50043786
50043798
50043799
50043800
50043807
50043820
50043824
50043827
50043829
50043831
50043846
50043855
50043862
50043863
50043887
50043890
50043903
50043905
50043906
50043908
50043919
50043921
50043923
50043930
50043932
50043944
50043950
50043953
50043957
50043960
50043973
50043983
50043997
50043999
50044007
50044012
50044013
50044030
50044040
50044041
50044044
50044049
50044053
50044055
50044058
50044065
50044066
50044078
50044082
50053905
50053907
50053913
50053982
50053987
50054044
50054063
50054075
50054117
50054125
50054756
50054770
50054772
50054802
50054860
50054867
50054873
50054874
50054878
50054894
50054901
50054912
50054923
50054924
50054930
50054932
50056038
50056039
50056042
50056043
50056045
50056046
50056047
50056048
50057600
50064629
50064633
50064637
50064648
50064652
50064656
50064663
50064667
50064668
50064670
50064684
50064689
50064693
50064697
50064705
50064708
50064712
50064718
50064725
50064726
50064736
50064745
50064750
50064759
50064772
50064776
50064782
50064785
50064786
50064792
50064799
50064804
50064805
50064807
50064810
50064813
50064815
50064831
50064835
50064837
50064838
50064853
50064858
50064859
50064864
50064873
50064876
50064887
50064888
50064893
50064905
50064910
50064914
50064919
50064920
50064928
50064929
50064932
50064936
50064938
50064953
50064960
50064963
50064970
50064983
50064991
50064994
50064997
50065003
50065007
50065009
50065011
50065027
50065028
50065036
50065038
50065039
50065043
50065046
50065047
50065049
50065054
50065057
50065060
50065062
50065067
50065070
50065076
50065082
50065085
50065090
50065098
50065104
50065109
50065114
50065122
50065123
50065128
50065131
50065141
50065145
50065149
50065152
50065153
50065155
50065159
50065168
50065174
50065176
50065183
50065184
50065189
50065190
50065192
50065197
50065198
50065201
50065207
50065210
50065212
50065216
50065225
50065226
50065231
50065233
50065235
50065250
50065271
50065272
50065275
50065281
50065285
50065286
50065287
50065300
50065306
50065309
50065311
50065312
50065322
50065324
50065330
50065331
50065348
50065358
50065366
50065369
50065373
50065374
50065376
50065381
50065386
50065390
50065399
50065400
50065401
50065404
50065410
50065412
50065413
50065420
50065421
50065422
50065423
50065427
50065435
50065438
50065448
50065452
50065455
50065456
50065459
50065464
50065465
50065474
50065477
50065487
50065489
50065497
50065509
50065511
50065512
60006869
60006870
60006876
60006878
60006882
60006883
60006887
60006888
60006891
60006893
60006894
60006895
60006897
60007083
60007087
60007686
60007715
60007717
60007720
60007722
60007727
60007749
60007757
60007776
60007816
60007824
60007827
60007830
60007832
60007835
60007839
60007841
60007843
60007846
60007848
60007851
60007853
60007856
60007867
60007881
60008129
60008131
60008132
60008134
60008135
60008136
60008140
60008142
60008143
60010303
60010304
60010305
60010307
60010308
60010309
60010310
60010311
60010317
60010324
60010351
60010352
60010354
60010393
60010394
60010411
60010426
60010728
60010729
60010730
60010731
60010732
60010733
60010734
60010736
60010737
60010742
60010743
60010744
60010745
60010746
60010747
60010748
60010749
60010836
60010876
60010878
60010886
60010887
60010891
60010894
60010902
60010918
60010923
60010925
60010927
60010930
60010931
60010932
60010933
60010936
60010939
60010940
60010990
60010991
60011008
60011395
60011420
60011423
60011427
60011430
60011431
60011432
60011434
60011439
60011440
60011447
60011448
60011449
60011454
60011457
60011475
60011485
60011486
60011487
60011489
60011493
60011494
60011496
60011497
60011498
60011499
60011500
60011501
60011502
60011520
60011521
60011523
60011525
60011527
60011528
60011529
60011532
60011533
60011537
