40026819
40026820
40026828
40026829
40026831
40026835
40026838
40026960
40026963
40027014
40027028
40027101
40027253
40027259
40027260
40027300
40027307
40027311
40027313
40027314
40027319
40027326
40027331
40027335
40027338
40027339
40027342
40027343
40027348
40027359
40027362
40027363
40027368
40027373
40027374
40027375
40027376
40027378
40027388
40027399
40027406
40027408
40027414
40027415
40027417
40027418
40027420
40027426
40027430
40027431
40027435
40027440
40027441
40027443
40027445
40027450
40027451
40027452
40027454
40027461
40027469
40027474
40027491
40027494
40027497
40027513
40027520
40027522
40027525
40027526
40027529
40027533
40027535
40027537
40027538
40027540
40027541
40027559
40027561
40027562
40027563
40027569
40027574
40027580
40027583
40027588
40027613
40027628
40027631
40027637
40027639
40027641
40027647
40027648
40027649
40027650
40027651
40027653
40027657
40027658
40027663
40027666
40027667
40027669
40027670
40027679
40027682
40027684
40027688
40027689
40027690
40027696
40027698
40027701
40027704
40027707
40027709
40027712
40027714
40027718
40027726
40027728
40027729
40027731
40027733
40027734
40027735
40027736
40027742
40027744
40027749
40027753
40027754
40027758
40027764
40027767
40027773
40027779
40027782
40027787
40027789
40027793
40027805
40027822
40027825
40027826
40027829
40027833
40027835
40027838
40027845
40027846
40027847
40027848
40027849
40027858
40027865
40027867
40027871
40027881
40027883
40027889
40027893
40027907
40027910
40027912
40027920
40027939
40027940
40027944
40027948
40027963
40027965
40027967
40027971
40027976
40027979
40027980
40027985
40027989
40027990
40027993
40028002
40028004
40028010
40028017
40028024
40028030
40028035
40028037
40028047
40028049
40028057
40028061
40028067
40028068
40028072
40028073
40028075
40028078
40028080
40028084
40028094
40028099
40028101
40028103
40028107
40028113
40028117
40028120
40028125
40028130
40028135
40028143
40028146
40028171
40028187
40028196
40028217
40028251
40028258
40028282
40028285
40028286
40028299
40028306
40028333
40028338
40028361
40028389
40028399
40028408
40028429
40028437
40028478
40028590
40028594
40029130
40029148
40029553
40036458
40036468
40036690
40036772
40036920
40037033
40037053
40037057
40037082
40037087
40037088
40037093
40037106
40037110
40037118
40037143
40037144
40037150
40037156
40037159
40037174
40037175
40037178
40037184
40037189
40037192
40037198
40037205
40037207
40037212
40037220
40037224
40037227
40037241
40037244
40037252
40037268
40037328
40037334
40037357
40043389
40043395
40043404
40043407
40043410
40043411
40043414
40043437
40043441
40043452
40043454
40043462
40043464
40043465
40043466
40043467
40043478
40043485
40043487
40043499
40043502
40043504
40043507
40043510
40043516
40043519
40043520
40043532
40043570
40043575
40043580
40043582
40043589
40043598
40043603
40043605
40043612
40043617
40043631
40043634
40043638
40043642
40043643
40043650
40043660
40043671
40043678
40043680
40043742
40043780
40043933
40043990
40044034
40077463
40077492
40077553
40077554
40077566
40077578
40077592
40077594
40077598
40077611
40077614
40077619
40077628
40077629
40077634
40077644
40077673
40077678
40077684
40077688
40077692
40077695
40077698
40077702
40077713
40077720
40077724
40077725
40077739
40077751
40077757
40077760
40077767
40077771
40077787
40077794
40077797
40077809
40077810
40077811
40077817
40077818
40077824
40077828
40077849
40077853
40077856
40077859
40077866
40077875
40077878
40077882
40077885
40077886
40077897
40077898
40077908
40077909
40077910
40077922
40077925
40077926
40077948
40077954
40077955
40077963
40077972
40077979
40077985
40077990
40077996
40078010
40078012
40078021
40078034
40078038
40078040
40078076
40078086
40078099
40078103
40078109
40078115
40078118
40078128
40078134
40078139
40078144
40078150
40078164
40078184
40078186
40078215
40078219
40078220
40078224
40078234
40078239
40078243
40078266
40078267
40078274
40078277
40078282
40078298
40078313
40078335
40078337
40078374
40078384
40078387
40078412
40078438
40078484
40078518
40078523
40078527
40078535
40078540
40078553
40078561
40078590
40078641
40078724
40078731
40078736
40078759
40078782
40078818
40078827
40078831
40078840
40078905
40078916
40078986
40079002
40079028
40079034
40079035
40079038
40079067
40079076
40079094
40079095
40079101
40088102
40088155
40088159
40088161
40088183
40088208
40088263
40088264
40088288
40088296
40088302
40088333
40088336
40088370
40088387
40088449
40088685
40088773
40094136
40094159
40094178
40094189
40094212
40094228
40094243
40094250
40094276
40094280
40094285
40094292
40094293
40094294
40094299
40094310
40094338
40094341
40094349
40094353
40094354
40094359
40094364
40094422
40094443
40094474
40094579
40094633
40094706
40100090
40100113
40100157
40100181
40100574
40100581
40100588
40100591
40100592
40100594
40100595
40100614
40100620
40100640
40100657
40100665
40103994
40104035
40104081
40104084
40104297
40104318
40104354
40104358
40104359
40104364
40104385
40104390
40104392
40104417
40104430
40107944
40108294
40108316
40108339
40108354
40108393
40108401
40108403
40108414
40108416
40108451
40111490
40111517
40111579
40114378
40114383
40114384
40114385
40114393
40114573
40129475
40135451
40135470
40138272
40148172
40166597
40166634
40166651
40166685
40166692
40166703
40166711
40166725
40166726
40166740
40166743
40166753
40166755
40166782
40166785
40166795
40166810
40166830
40166837
40166847
40166852
40166856
40166857
40166868
40166888
40166889
40166908
40166909
40166911
40166912
40166914
40166916
40166943
40166961
40166965
40166979
40166991
40167005
40167015
40167017
40167050
40167076
40167107
40167125
40167150
40167164
40167172
40167197
40167198
40167234
40167295
40167367
40167416
40167473
40167475
40167487
40167510
40167520
40167563
40167615
40167616
40167632
40167651
40167656
40167660
40167700
40167702
40167711
40167751
40167760
40167764
40171634
40171910
40171915
40171946
40172053
40175986
40176031
40176286
40176357
40176368
40176389
40176418
40179520
40179580
40179641
40179675
40179687
40182610
40182876
40182901
40183017
40185989
40186020
40188983
40189391
40192098
40195082
40201076
40201094
40203601
40209751
40210047
40212320
40215106
40223427
40223730
40226662
40235232
40238222
40241112
40243560
40245601
40250170
40257591
40259413
40261888
40262049
40264445
40268594
40285068
40350757
40356993
40357004
40364231
40372089
40373998
40377787
40379405
40381342
40546353
40553067
40555185
42752434
42752443
42752824
42753980
42754029
42759904
42765872
42766181
42774610
42782141
42784478
42785986
42792776
42811597
42819030
42832492
42833224
42835435
43291907
43297040
43297124
43324231
43367204
43371237
50000010
50000011
50000042
50000043
50000044
50000110
50000132
50000133
50000232
50000236
50000237
50000247
50000248
50000249
50000250
50000251
50000253
50000306
50000308
50000620
50000621
50000655
50000688
50000697
50000704
50000972
50001092
50001097
50001133
50005987
50012492
50012493
50012502
50012504
50012507
50012509
50012513
50012514
50012515
50012516
50012517
50012518
50012519
50012522
50012524
50012525
50012526
50012527
50012528
50012529
50012531
50012536
50012537
50012538
50012539
50012542
50012553
50012555
50012556
50012560
50012562
50012565
50013095
50013096
50013097
50013098
50013342
50013375
50013379
50013404
50013514
50014038
50014056
50014058
50014059
50014096
50014181
50035248
50035252
50035384
50035407
50035417
50035429
50035438
50035450
50035470
50035471
50035473
50035492
50035495
50035515
50035541
50035563
50035569
50035578
50035583
50035595
50035612
50035629
50035631
50035633
50035637
50035638
50035649
50035664
50035675
50035686
50035690
50035699
50035702
50035713
50035716
50035721
50035725
50035734
50035751
50035754
50035758
50035777
50035785
50035788
50035789
50035798
50035799
50035801
50035802
50035805
50035809
50035810
50035827
50035840
50035871
50035872
50035874
50035884
50035889
50035891
50035893
50035897
50035900
50035901
50035903
50035914
50035922
50035927
50035940
50035963
50035966
50035968
50035980
50035981
50035983
50035994
50035997
50036004
50036016
50036019
50036020
50036036
50036043
50036049
50036053
50036055
50036058
50036060
50036072
50036073
50036080
50036092
50036094
50036097
50036113
50036124
50036128
50036137
50036146
50036155
50036168
50036173
50036183
50036185
50036193
50036194
50036195
50036198
50036211
50036212
50036228
50036229
50036248
50036253
50036261
50036267
50036269
50036277
50036289
50036294
50036300
50036306
50036313
50037594
50037601
50037603
50037605
50037612
50037614
50037615
50037622
50037624
50044634
50044637
50044641
50044650
50044670
50044691
50044692
50044714
50044723
50044732
50044735
50044736
50044738
50044753
50044756
50044770
50044781
50044786
50044797
50044802
50044822
50044825
50044828
50044833
50044835
50044839
50044845
50044847
50044854
50044855
50044859
50044866
50044869
50044873
50044874
50044876
50044882
50044892
50044898
50044910
50044915
50044921
50044927
50044929
50044934
50044935
50044939
50044941
50044960
50044971
50044977
50044996
50044998
50045003
50045008
50045020
50045028
50045030
50045042
50045051
50045077
50045085
50045088
50045093
50045096
50045099
50045108
50049082
50049083
50049084
50049085
50049086
50049087
50049088
50049089
50049090
50049091
50049092
50049093
50049094
50049095
50049096
50049097
50049098
50049110
50049111
50049114
50049115
50049116
50049117
50049118
50049119
50049120
50049121
50049122
50049123
50049125
50049126
50049127
50049128
50049129
50049130
50049131
50049132
50049133
50054386
50054390
50054439
50054441
50054442
50054446
50054493
50054494
50054495
50054496
50054497
50054498
50054499
50054500
50054501
50054502
50054503
50055341
50055342
50055343
50055344
50055345
50055346
50055347
50055351
50055352
50056063
50056064
50056065
50056066
50056068
50056069
50056070
50056071
50056072
50056073
50056074
50056075
50056076
50056077
50056095
50056097
50056098
50056099
50056101
50056102
50056103
50056104
50056105
50056106
50056928
50056929
50056930
50056931
50057535
50057536
50057552
50057553
50057554
50057556
50057557
50057558
50057579
50057580
50057581
50057584
50057587
50057591
50066450
50066453
50066459
50066460
50066461
50066464
50066466
50066468
50066471
50066472
50066473
50066476
50066477
50066479
50066485
50066490
50066493
50066494
50066503
50066511
50066513
50066516
50066522
50066525
50066527
50066529
50066530
50066532
50066537
50066539
50066547
50066550
50066551
50066554
50066558
50066567
50066579
50066580
50066600
50066603
50066605
50066610
50066611
50066614
50066615
50066623
50066626
50066645
50066652
50066662
50066665
50066668
50066675
50066685
50066689
50066693
50066694
50066697
50066703
50066704
50066707
50066708
50066710
50066716
50066724
50066727
50066731
50066734
50066742
50066746
50066752
50066758
50066759
50066764
50066766
50066768
50066771
50066773
50066776
50066782
50066784
50066785
50066789
50066790
50066791
50066797
50066804
50066807
50066808
50066810
50066813
50066816
50066817
50066818
50066819
50066820
50066822
50066824
50066825
50066827
50066831
50066833
50066834
50066838
50066843
50066844
50066845
50066846
50066847
50066855
50066857
50066863
50066870
50066882
50066883
50066884
50066887
50066891
50066896
50066899
50066900
50066909
50066915
50066916
50066918
50066919
50066920
50066921
50066924
50066925
50066930
50066934
50066940
50066943
50066950
50066957
50066963
50066970
50066973
50066977
50066979
50066982
50066984
50066985
50066991
50066995
50067002
50067005
50067014
50067019
50067022
50067023
50067028
50067036
50067040
50067042
50067043
50067045
50067047
50067050
50067051
50067060
50067063
50067065
50067067
50067072
50067076
50067077
50067080
50067088
50067092
50067093
50067096
50067097
50067098
50067100
50067103
50067106
50067108
50067110
50067135
50067136
50067137
50067143
50067150
50067153
50067156
50067161
50067162
50067163
50067164
50067173
50067178
50067182
50067184
50067189
50067191
50067196
50067197
50067203
50067204
50067241
50067247
50067271
50067276
60010341
60010342
60010343
60010344
60010345
60010346
60010357
60010358
60010363
60010365
60010366
60010367
60010368
60010369
60010370
60010371
60010373
60010374
60010375
60010376
60010378
60010379
60010381
60010382
60010384
60010387
60010388
60010511
60010526
60010739
60010740
60010741
60010750
60010751
60010752
60010753
60010754
60010755
60010756
60010757
60010758
60010759
60010760
60010763
60010766
60010767
60010768
60010769
60010770
60010772
60010775
60010780
60010781
60010786
60010787
60010797
60010800
60010802
60010805
60010806
60010807
60010809
60010810
60010812
60010816
60010818
60010819
60010820
60010822
60010824
60010825
60010827
60010828
60010832
60010834
60010838
60010853
60010868
60010985
60010988
60010989
60010992
60010994
60010996
60010997
60010998
60010999
60011000
60011001
60011002
60011003
60011004
60011006
60011007
60011009
60011010
60011011
60011012
60011013
60011014
60011021
60011023
60011024
60011030
60011032
60011033
60011034
60011035
60011039
60011291
60011398
60011402
60011404
60011406
60011407
60011408
60011412
60011477
60011478
60011479
60011480
60011481
60011482
60011483
60011484
60011506
60011507
60011508
60011509
60011510
60011511
60011512
60011513
60011514
60011515
60011516
60011517
60011518
60011519
60011541
60011542
60011543
60011544
60011545
60011546
60011547
60011548
60011549
