40558059
40558061
40558068
40558077
40558138
40558144
40558152
40558187
40558201
40558275
40558288
40558356
40558361
40558372
40558402
40558456
40558473
40558474
40558487
40558497
40558531
40558532
40558574
40558582
40558589
40558624
40558631
40558633
40558652
40558653
40558655
40558678
40558679
40558735
40558748
40558789
40558820
40558829
40558838
40558862
40558913
40558933
40558942
40558966
40558967
40559000
40559012
40559026
40559040
40559159
40559253
40559306
40559320
40559339
40559340
40559344
40559364
40559365
40559372
40559395
40559453
40559466
40559474
40559499
40559513
40559657
40559716
40559728
40559782
40559810
40559814
40559832
40559912
40559932
40559990
40559995
40560007
40560022
40560034
40560042
40560166
40560169
40560175
40560176
40560198
40560223
40560224
40560236
40560237
40560264
40560319
40560324
40560329
40560330
40560349
40560377
40560394
40560427
40560441
40560442
40560488
40560515
40560519
40560520
40560543
40560552
40560603
40560627
40560675
40560686
40560702
40560744
40560745
40560756
40560770
40560778
40560797
40560954
40561124
40599512
40599513
40602953
40606926
40606927
40606964
40606988
41761850
43165105
43165197
43165266
43165298
43165339
43165354
43165422
43165453
43165454
43165464
43165486
43165506
43165532
43165555
43165560
43165567
43165593
43165604
43165636
43165652
43165662
43165712
43165733
43165743
43165805
43165853
43165872
43165887
43165926
43165961
43165980
43165991
43166024
43166037
43166062
43166066
43166098
43166103
43166118
43166128
43166136
43166167
43166175
43166176
43166178
43166209
43166236
43166237
43166273
43166292
43166306
43166342
43166345
43166352
43166392
43166419
43166445
43166450
43166495
43166501
43166509
43166553
43166569
43166577
43166593
43166599
43166608
43166665
43166679
43166705
43166706
43166766
43166772
43166800
43166841
43167460
43179878
43179884
43179887
43179894
43179924
43179928
43179930
43179961
43179986
43179991
43180001
43180009
43180015
43180020
43180025
43180037
43180038
43180047
43180048
43180077
43180083
43180113
43180119
43180135
43180138
43180147
43180159
43180169
43180174
43180175
43180176
43180183
43180192
43180201
43180218
43180227
43180237
43180256
43180259
43180383
43180414
43180429
43180511
43180529
43180552
43180595
43180642
43181778
43181790
43181822
43181894
43181918
43181939
43181982
43182150
43182243
43183502
43183556
43183557
43184383
43185514
43185656
43186581
43187581
43187590
43187686
43188751
43190015
43190732
43190741
43190765
43190805
43190819
43190820
43190836
43190846
43190863
43190934
43190973
43192223
43194485
43196037
43196845
43196846
43197809
43198918
43199803
43200935
43200936
43200947
43200955
43200956
43200960
43200985
43200988
43200989
43200993
43201007
43201090
43202307
43203396
43203399
43203628
43204640
43210347
43210349
43210356
43210358
43210359
43210385
43210391
43210628
43211596
43212554
43212557
43213633
43213638
43216280
43216282
43216283
43219044
43219045
43219071
43219100
43220327
43224972
43227447
43227453
43227454
43227484
43227491
43230476
43233409
43233451
43234682
50001151
50001925
50002894
50005133
50005137
50005139
50005140
50005301
50005311
50005315
50005326
50005361
50005366
50005381
50005389
50005393
50005397
50005401
50005607
50005609
50005646
50005752
50005753
50005754
50005755
50005756
50011736
50011743
50011744
50011745
50011764
50011765
50011778
50011784
50011790
50011794
50011795
50011802
50011820
50012756
50013133
50013134
50013356
50013367
50013457
50013459
50013540
50013549
50014194
50014195
50014199
50014208
50014211
50014213
50014216
50014218
50014226
50014230
50014234
50014238
50014239
50014253
50014255
50014259
50014274
50014275
50014278
50014285
50014288
50014290
50014291
50014293
50014299
50014314
50014315
50014316
50014323
50014332
50014340
50014343
50014344
50014346
50014348
50014358
50014361
50014374
50014376
50014378
50014380
50014381
50014387
50014402
50014410
50014414
50014434
50014436
50014437
50014440
50014441
50014443
50014450
50014460
50014464
50014477
50014492
50014508
50014525
50014544
50014547
50014584
50014589
50014598
50014602
50014605
50014609
50014615
50014622
50014630
50014644
50014647
50014650
50014659
50014665
50014680
50014684
50014686
50014690
50014694
50014703
50014706
50014717
50014724
50014726
50014727
50014728
50014732
50014748
50014757
50014764
50014765
50014779
50014780
50014782
50014783
50014785
50014786
50014789
50014794
50014795
50014797
50014806
50014813
50014815
50014819
50014824
50014829
50014844
50014849
50014854
50014858
50014867
50014870
50014872
50014876
50014877
50014880
50014883
50014885
50014890
50014903
50014904
50014921
50014930
50014932
50014933
50014942
50014948
50014954
50014958
50014961
50014966
50014969
50014976
50014981
50014986
50014991
50014994
50014997
50015000
50015003
50015005
50015027
50015028
50015033
50015038
50015041
50015051
50015053
50015067
50015076
50015077
50015081
50015092
50015094
50015107
50015108
50015123
50015125
50015134
50015154
50015177
50015185
50015200
50015208
50015209
50015218
50015219
50015222
50015230
50015233
50015241
50015243
50015252
50015262
50015272
50015281
50015288
50015295
50015298
50015299
50015304
50015311
50015312
50015313
50015325
50015332
50015335
50015338
50015350
50015363
50015365
50015369
50015378
50015382
50015386
50015396
50015401
50015416
50015422
50015424
50015444
50015445
50015448
50015451
50015462
50015463
50015468
50015473
50015482
50015494
50015496
50015499
50015502
50015510
50015537
50015542
50015544
50015557
50015560
50015569
50015571
50015579
50015582
50015583
50015584
50015595
50015602
50015603
50015605
50015610
50015611
50015617
50015620
50015626
50015639
50015644
50015648
50015651
50015654
50015661
50015666
50015671
50015673
50015674
50015676
50015683
50015685
50015701
50015702
50015709
50015720
50015721
50015733
50015735
50015740
50015752
50015753
50015762
50015767
50015768
50015769
50015776
50015779
50015792
50015803
50015806
50015807
50015811
50015817
50015830
50015857
50015867
50015868
50015882
50015893
50015898
50015904
50015908
50015916
50015924
50015926
50015931
50015934
50015938
50015939
50015942
50015943
50036328
50036329
50036330
50036333
50036334
50036335
50036336
50036337
50036338
50036340
50036341
50036343
50036346
50036348
50036353
50036358
50036360
50036363
50036366
50036368
50036369
50036370
50036372
50036373
50036374
50036377
50036379
50036381
50036384
50036386
50036387
50036388
50036391
50036394
50036395
50036396
50036397
50036398
50036399
50036400
50036406
50036407
50036408
50036410
50036411
50036412
50036414
50036416
50037678
50037687
50037694
50037700
50037717
50037739
50037740
50037744
50037752
50037757
50037763
50037766
50037770
50037771
50037782
50037792
50037795
50037804
50037812
50037816
50037818
50037820
50037830
50037834
50037840
50037842
50037852
50037854
50037860
50037872
50037880
50037888
50037893
50037906
50037908
50037927
50037934
50037945
50037972
50037979
50037980
50037982
50037987
50037997
50038001
50038002
50038006
50038017
50038034
50038044
50038045
50038061
50038063
50038079
50038084
50038094
50038095
50038103
50038104
50038107
50038112
50038113
50038116
50038120
50038139
50038141
50038150
50038170
50038173
50038185
50038193
50038207
50038214
50038222
50038227
50038235
50038237
50038246
50038255
50038257
50038275
50038278
50038283
50038289
50038292
50038300
50038306
50038309
50048179
50048181
50048182
50048183
50048184
50048185
50048186
50048187
50048188
50048189
50048190
50048191
50048192
50048193
50048194
50048195
50048196
50048197
50048198
50048199
50048200
50048201
50048202
50048203
50048204
50048205
50048206
50048207
50048208
50048211
50048214
50048247
50048248
50048249
50048253
50048254
50048255
50048256
50048258
50048260
50048261
50048262
50048263
50048264
50048265
50048266
50048267
50048268
50048269
50048270
50048271
50048272
50048273
50048274
50048275
50048277
50048308
50048309
50048311
50048312
50048313
50048314
50048315
50048316
50048317
50048318
50048319
50048320
50048321
50048322
50048325
50048327
50048328
50048330
50048331
50048332
50048333
50048334
50048335
50048336
50048338
50048339
50048340
50048341
50048342
50048343
50048344
50048345
50048346
50048350
50048352
50048353
50048355
50048356
50048357
50048359
50048381
50048382
50048383
50048384
50048386
50048389
50048390
50048391
50048392
50048401
50048404
50048406
50048408
50048411
50048412
50048414
50048415
50048416
50048418
50048424
50055129
50055130
50055131
50055132
50055135
50055136
50055137
50055138
50055139
50055140
50055141
50055142
50055143
50055144
50055145
50055146
50055147
50055149
50055150
50055151
50055152
50055153
50055154
50055155
50055156
50055157
50055158
50055159
50055172
50055173
50055174
50055175
50055176
50055177
50055178
50055179
50055180
50055181
50055182
50055184
50055185
50055186
50055187
50055188
50055189
50055190
50055192
50055193
50055194
50055211
50055212
50055213
50055214
50055216
50055217
50055218
50055219
50055220
50055221
50055222
50055223
50055224
50055225
50055226
50055228
50055229
50055230
50055231
50055233
50055234
50055235
50055236
50055237
50055238
50055239
50055240
50055241
50055242
50055243
50055244
50055245
50055247
50055248
50055249
50055250
50055268
50055269
50055270
50055273
50055274
50055276
50055278
50055279
50055282
50055283
50055284
50055285
50055287
50055288
50055290
50055292
50055294
50055296
50055297
50055298
50055300
50055301
50055302
50056365
50056366
50056367
50056368
50056369
50056371
50056374
50056375
50056376
50056377
50056378
50056442
50056443
50056444
50056445
50056447
50056448
50056451
50056452
50057621
50057623
50057634
50057635
50057640
50057642
50057644
50057645
50057647
50057649
50057653
50057661
50057662
50057667
50057669
50057675
50057681
50057687
50057706
50057709
50057730
50057732
50057736
50057738
50057761
50057765
50057777
50057784
50057785
50057787
50057802
50057805
50057808
50057811
50057815
50057822
50057825
50057843
50057856
50057859
50057866
50057877
50057898
50057899
50057912
50057913
50057916
50057923
50057926
50057931
50057937
50057941
50057943
50057945
50057953
50057967
50057969
50057971
50057972
50057973
50057976
50057980
50057984
50057985
50057988
50057990
50058005
50058013
50058014
50058020
50058023
50058027
50058028
50058040
50058042
50058053
50058068
50058071
50058082
50058083
50058092
50058094
50058107
50058108
50058112
50058113
50058121
50058123
50058128
50058129
50058133
50058138
50058142
50058145
50058146
50058158
50058174
50058181
50058191
50058196
50058199
50058200
50058204
50058209
50058211
50058212
50058214
50058224
50058230
50058233
50058240
50058242
50058246
50058249
50067288
60001149
60001150
60001152
60001156
60001157
60001163
60001185
60001201
60001202
60001203
60001204
60001205
60001206
60001207
60001208
60001209
60001210
60001211
60001212
60001213
60001214
60001215
60001216
60001218
60001219
60001220
60001221
60001222
60001223
60001224
60001225
60001226
60001227
60001228
60001229
60001231
60001232
60001233
60001234
60001235
60001236
60001237
60001238
60001239
60001242
60001243
60001244
60001245
60001246
60001247
60001248
60001249
60001277
60001278
60001279
60001281
60001284
60001286
60001287
60001288
60001289
60001290
60001291
60001292
60001293
60001294
60001295
60001297
60001298
60001300
60001304
60001305
60001306
60001307
60001308
60001309
60001310
60001311
60001312
60001313
60001315
60001316
60001318
60001320
60001321
60001322
60001323
60001324
60001325
60001326
60001329
60001330
60001331
60001332
60001333
60001334
60001335
60001336
60001364
60001368
60001369
60001370
60001371
60001372
60001374
60001375
60001376
60001377
60001378
60001380
60001382
60001383
60001618
60001620
60001622
60001634
60001638
60001641
60001642
60001644
60001655
60001657
60001661
60001665
60001667
60001669
60001676
60001786
60001787
60001796
60001797
60001799
60001804
60001805
60001806
60001807
60001811
60001813
60001819
60001822
60001903
60002039
60002040
60002238
60002242
60002244
60002245
60002249
60002252
60002260
60002261
60002264
60002265
60002266
60002283
60002293
60002303
60002308
60002313
60002314
60002317
60002330
60002332
60002333
60002334
60002335
60002336
60002338
60002344
60002345
60002348
60002349
60002350
60002351
60002354
60002355
60002356
60002358
60002359
60002360
60002362
60002364
60002365
60002366
60002368
60002371
60002372
60002375
60002663
60002665
60002668
60002672
60002673
60002676
60002677
60002678
60002687
60002689
60002690
60002694
60002696
60002698
60002699
60002700
60002703
60002705
60002830
60002833
60002834
60002835
60002836
60002838
60002839
60002841
60002842
60002843
60002844
60002845
60002846
60002848
60002849
60002850
60002851
60002852
60002853
60002854
60002855
60002856
60002857
60002858
60002859
60002860
60002861
60002862
60002863
60002865
60002866
60002867
60002868
60002869
60002870
60002871
60002872
60002873
60002874
60002875
60002878
60002879
60002880
60002881
60002882
60002883
