40024903
40024935
40024972
40024987
40025010
40025023
40025027
40025049
40025088
40025116
40025120
40025132
40025151
40025155
40025158
40025167
40025187
40025196
40025205
40025218
40025240
40025249
40025252
40025254
40025258
40025259
40025263
40025268
40025279
40025285
40025318
40025323
40025332
40025335
40025341
40025349
40025352
40025361
40025375
40025386
40025387
40025403
40025427
40025432
40025437
40025454
40025456
40025457
40025462
40025466
40025471
40025472
40025483
40025493
40025494
40025501
40025516
40025533
40025546
40025547
40025558
40025560
40025566
40025575
40025593
40025597
40025612
40025624
40025644
40025666
40025681
40025683
40025702
40025709
40025726
40025747
40025761
40025787
40025809
40025817
40025843
40025849
40025857
40025875
40025885
40025887
40025893
40025901
40025906
40025908
40025922
40025930
40025935
40025936
40025937
40025940
40025948
40025960
40025964
40025978
40025989
40026009
40026020
40026029
40026037
40026046
40026052
40026096
40026097
40026106
40026116
40026136
40026152
40026165
40026168
40026170
40026204
40026208
40026215
40026216
40026225
40026234
40026241
40026247
40026254
40026269
40026284
40026285
40026288
40026315
40026319
40026320
40026338
40026350
40026362
40026364
40026365
40026367
40026369
40026371
40026378
40026381
40026397
40026426
40026429
40026441
40026443
40026444
40026467
40026474
40026476
40026485
40026497
40026513
40026521
40026527
40026559
40026565
40026569
40026588
40026589
40026591
40026609
40026611
40026614
40026620
40026628
40026636
40026644
40026661
40026664
40026669
40026671
40026673
40026682
40026689
40026709
40026711
40026731
40026745
40026746
40026766
40026861
40026868
40026881
40026910
40026918
40026924
40026928
40027107
40027119
40027333
40027364
40027476
40027495
40027500
40027507
40027532
40027539
40027571
40027581
40027595
40027599
40027600
40027610
40027621
40027626
40027627
40027646
40027685
40027699
40027717
40027732
40027743
40027760
40027784
40027796
40027802
40027808
40027816
40027832
40027851
40027869
40027876
40027880
40027897
40027913
40027915
40027924
40027925
40027926
40027927
40027928
40027937
40027945
40027947
40027954
40027956
40027957
40027961
40027962
40027977
40027988
40027991
40028021
40028025
40028046
40028051
40028052
40028058
40028059
40028087
40028088
40028089
40028104
40028109
40028112
40028124
40028128
40028141
40028148
40028169
40028173
40028179
40028185
40028204
40028209
40028213
40028218
40028220
40028224
40028248
40028250
40028279
40028281
40028328
40028346
40028351
40028359
40028376
40028383
40028385
40028394
40028406
40028410
40028423
40028431
40028457
40028469
40028491
40028509
40028519
40028520
40028530
40028532
40028538
40028539
40028543
40028570
40028580
40028581
40028599
40028602
40028604
40028617
40028618
40028633
40028660
40028662
40028666
40028674
40028697
40028703
40028711
40028720
40028728
40028729
40028731
40028749
40028751
40028752
40028768
40028769
40028771
40028774
40028777
40028778
40028779
40028791
40028806
40028812
40028815
40028826
40028833
40028837
40028838
40028842
40028851
40028864
40028866
40028871
40028875
40028879
40028892
40028897
40028901
40028910
40028914
40028916
40028926
40028928
40028930
40028946
40028957
40028973
40028995
40029002
40029012
40029050
40029054
40029056
40029057
40029092
40029099
40029105
40029128
40029136
40029150
40029161
40029175
40029199
40029204
40029223
40029226
40029236
40029246
40029269
40029281
40029294
40029309
40029316
40029318
40029319
40029320
40029357
40029365
40029374
40029382
40029383
40029384
40029385
40029387
40029421
40029427
40029438
40029449
40029452
40029458
40029464
40029470
40029479
40029480
40029492
40029496
40029499
40029524
40029529
40029531
40029561
40029568
40029584
40029606
40029611
40029621
40029635
40029636
40029644
40029645
40029651
40029657
40029662
40029668
40029679
40029680
40029681
40029692
40029712
40029716
40029721
40029722
40036060
40036063
40036068
40036107
40036140
40036142
40036150
40036155
40036166
40036174
40036178
40036192
40036220
40036233
40036247
40036260
40036263
40036282
40036298
40036299
40036305
40036324
40036337
40036348
40036354
40036364
40036370
40036378
40036395
40036396
40036464
40036478
40036485
40036499
40036511
40036518
40036526
40036531
40036587
40036593
40036595
40036611
40036613
40036621
40036623
40036633
40036635
40036636
40036651
40036661
40036664
40036727
40036732
40036751
40036764
40036776
40037075
40037086
40037097
40037108
40037129
40037158
40037166
40037171
40037177
40037190
40037191
40037194
40037199
40037204
40037206
40037211
40037254
40037282
40037286
40037302
40037341
40037366
40042997
40043005
40043037
40043047
40043064
40043068
40043071
40043078
40043082
40043104
40043106
40043130
40043160
40043166
40043179
40043199
40043238
40043244
40043256
40043313
40043331
40043333
40043453
40043460
40043493
40043503
40043505
40043535
40043545
40043566
40043627
40043641
40043655
40043722
40043726
40043750
40043792
40043802
40043808
40043820
40043825
40043858
40043860
40043898
40043905
40043919
40043922
40043953
40073744
40073837
40073855
40073862
40073870
40073948
40073971
40073982
40073998
40074015
40074021
40074031
40074033
40074059
40074062
40074087
40074108
40074114
40074115
40074151
40074160
40074164
40074182
40074187
40074192
40074239
40074252
40074292
40074358
40074374
40074375
40074384
40074396
40074402
40074404
40074414
40074420
40074437
40074446
40074460
40074473
40074488
40074497
40074507
40074508
40074512
40074514
40074518
40074522
40074575
40074593
40074595
40074604
40074613
40074614
40074629
40074630
40074631
40074635
40074636
40074647
40074661
40074680
40074707
40074719
40074741
40074819
40074834
40074842
40074848
40074874
40074899
40074905
40074955
40074967
40074982
40074984
40074988
40075000
40075011
40075022
40075038
40075045
40075063
40075090
40075102
40075121
40075169
40075180
40075192
40075202
40075212
40075221
40075270
40075272
40075334
40075338
40075362
40075369
40075402
40075417
40075424
40075437
40075446
40075455
40075507
40075514
40075532
40075553
40075572
40075586
40075592
40075606
40075607
40075651
40075660
40075707
40075728
40075766
40075774
40075784
40075788
40075798
40075807
40075814
40075860
40075861
40075875
40075879
40075885
40075895
40075901
40075905
40075914
40075920
40075934
40075952
40075965
40075972
40075983
40076003
40076013
40076039
40076050
40076092
40076107
40076129
40076141
40076145
40076157
40076159
40076168
40076176
40076178
40076186
40076190
40076195
40076196
40076207
40076219
40076226
40076232
40076243
40076245
40076256
40076260
40076278
40076294
40076297
40076298
40076306
40076315
40076320
40076322
40076340
40076358
40076387
40076388
40076393
40076450
40076462
40076478
40076479
40076486
40076501
40076509
40076529
40076563
40076564
40076575
40076580
40076607
40076657
40076664
40076685
40076692
40076740
40076747
40076753
40076760
40076779
40076784
40076785
40076797
40076817
40076845
40076903
40076910
40076913
40076933
40076939
40076940
40076959
40076973
40076989
40076995
40077007
40077016
40077019
40077022
40077043
40077061
40077076
40077112
40077127
40077133
40077138
40077148
40077171
40077172
40077187
40077242
40077290
40077291
40077296
40077297
40077307
40077352
40077365
40077376
40077385
40077389
40077404
40077406
40077412
40077417
40077439
40077450
40077486
40077570
40077576
40077589
40077590
40077691
40077734
40077765
40077768
40077779
40077802
40077821
40077840
40077871
40077874
40077934
40077994
40078009
40078028
40078033
40078036
40078045
40078046
40078062
40078102
40078116
40078125
40078169
40078182
40078245
40078252
40078256
40078259
40078260
40078262
40078270
40078294
40078296
40078332
40078334
40078339
40078340
40078343
40078364
40078458
40078516
40078555
40078576
40078649
40078707
40078739
40078748
40078762
40078781
40078811
40078839
40078863
40078873
40078956
40079050
40079126
40079127
40079131
40087226
40087242
40087301
40087313
40087336
40087362
40087389
40087454
40087479
40087480
40087506
40087546
40087552
40087559
40087564
40087568
40087645
40087696
40087715
40087743
40087757
40087765
40087788
40087820
40087899
40087909
40087996
40088011
40088033
40088209
40088219
40088277
40088332
40088343
40088366
40088402
40088460
40093564
40093608
40093613
40093621
40093622
40093627
40093629
40093631
40093745
40093789
40093795
40093802
40093813
40093818
40093821
40093850
40093857
40093860
40093861
40093890
40093972
40094010
40094026
40094345
40094396
40094475
40094496
40094545
40099532
40099569
40099584
40099633
40099670
40099707
40099712
40099717
40099722
40099757
40099814
40099818
40099821
40099829
40099835
40099843
40099868
40099876
40099888
40099895
40100110
40100145
40100158
40100642
40103612
40103635
40103645
40103656
40103667
40103743
40103767
40103968
40103972
40104424
40107672
40107698
40107752
40107759
40108321
40111026
40111060
40111098
40111151
40111242
40111626
40114175
40114180
40114221
40114229
40119555
40120266
40129406
40132415
40132785
40135208
40140314
40142597
40155661
40156091
40156096
40156109
40156127
40156137
40156139
40156140
40156200
40156208
40156212
40156241
40156245
40156253
40156287
40156368
40156394
40156403
40158568
40158588
40158692
40158699
40158751
40158756
40158831
40160770
40160889
40160938
40160993
40165902
40165916
40165952
40166026
40166043
40166053
40166081
40166097
40166122
40166151
40166169
40166187
40166196
40166219
40166221
40166222
40166231
40166240
40166260
40166292
40166299
40166309
40166360
40166363
40166375
40166402
40166437
40166438
40166445
40166494
40166539
40166541
40166554
40166794
40166835
40166878
40166934
40166955
40166972
40166997
40167000
40167010
40167066
40167084
40167089
40167128
40167130
40167155
40167206
40167232
40167264
40167265
40167275
40167289
40167314
40167316
40167346
40167347
40167403
40167421
40167450
40171141
40171248
40171317
40171353
40171566
40171570
40175516
40175724
40175846
40176353
40179040
40179339
40182603
40182670
40185388
40185923
40188715
40197836
40197958
40198016
40198064
40200605
40200814
40203334
40209792
40219179
40222892
40223043
40223093
40223166
40232250
40235029
40237931
40238077
40238089
40243194
40243242
40254535
40257161
40273889
40276844
40279609
40282251
40282695
40293955
40294074
40294252
40311863
40329013
40354091
40354281
40362181
40373819
40377604
40458679
40466952
40480678
40480717
40484088
40490318
40635289
40635317
40635322
40635330
40635331
40635396
40635404
40635464
40635489
40635524
40635601
40635612
40635676
42750002
42750775
42750790
42750822
42750901
42751053
42751184
42752326
42752331
42752336
42752342
42752343
42752345
42752347
42752354
42752357
42752359
42752361
42752363
42752371
42752375
42752377
42752383
42752395
42752396
42752399
42752404
42752407
42752414
42752422
42752425
42752431
42752440
42752448
42752451
42752456
42752458
42752467
42752476
42752482
42752576
42752635
42752769
42752805
42752808
42752817
42752822
42752827
42752836
42752847
42752852
42752853
42752857
42752858
42752861
42752866
42752868
42752876
42752882
42752886
42752891
42752893
42752894
42752897
42752898
42752904
42752905
42752911
42752917
42752918
42752921
42752928
42752934
42752940
42752943
42752944
42752956
42752958
42753586
42753589
42753605
42753644
42753647
42753649
42753651
42753723
42754025
42754700
42754736
42758215
42759190
42762666
42762676
42762691
42762693
42762729
42763282
42763401
42763462
42764318
42764753
42766247
42772199
42776254
42783015
42805466
42805552
42815491
42818877
42830096
42830997
42832091
42832232
43293800
43293942
43295418
43307092
43315198
43316907
43338049
43367747
43401609
43407696
43415047
43432825
50000214
50000567
50012432
50012711
50012712
50013122
50013130
50013353
50013354
50013355
50013507
50013511
50014021
50034026
50034114
50034148
50034258
50034379
50034457
50034495
50034759
50034812
50035005
50035124
50035140
50037490
50037491
50037495
50037498
50037512
50037519
50037521
50037526
50037533
50037543
50037561
50037567
50037570
50037576
50037577
50044105
50044126
50044173
50044178
50044196
50044219
50044223
50044237
50044244
50044273
50044279
50044282
50044314
50044319
50044324
50044331
50044348
50044352
50044353
50044355
50044356
50044358
50044375
50044376
50044402
50044405
50044411
50044427
50044439
50044469
50044481
50044529
50044540
50044541
50044562
50044563
50044566
50044568
50044576
50044614
50047456
50047457
50047458
50047463
50047475
50047476
50047490
50047497
50047498
50055007
50055026
50055075
50055079
50055080
50055081
50055084
50055085
50055089
50055090
50055091
50055092
50055093
50055094
50055095
50055097
50055100
50055101
50055107
50055108
50055109
50055110
50055111
50055112
50055113
50055115
50055116
50056894
50056901
50057603
50065539
50065549
50065562
50065563
50065564
50065565
50065567
50065570
50065579
50065591
50065596
50065605
50065607
50065618
50065620
50065621
50065630
50065638
50065658
50065669
50065675
50065684
50065688
50065696
50065763
50065768
50065777
50065788
50065795
50065797
50065809
50065817
50065834
50065854
50065859
50065860
50065866
50065867
50065868
50065873
50065874
50065877
50065916
50065918
50065945
50065948
50065950
50065954
50065959
50065967
50065982
50065987
50066000
50066005
50066011
50066014
50066020
50066025
50066033
50066035
50066058
50066100
50066126
50066128
50066139
50066154
50066155
50066164
50066169
50066171
50066173
50066177
50066186
50066195
50066212
50066220
50066231
50066266
50066276
50066286
50066287
50066321
50066323
50066331
50066335
50066337
50066346
50066349
50066351
50066354
50066359
50066365
50066374
50066407
50066409
50066413
50066416
50066421
50066444
60010412
60010415
60010419
60010424
60010427
60010431
60010435
60010440
60010442
60010443
60010448
60010449
60010452
60010454
60010456
60010461
60010508
60010509
60010568
60010569
60010571
60010573
60010574
60010575
60010577
60010578
60010583
60010584
60010587
60010590
60010591
60010592
60010594
60010595
60010597
60010599
60010600
60010601
60010603
60010607
60010612
60010613
60010614
60010616
60010617
60010622
60010624
60010625
60010626
60010627
60010632
60010636
60010638
60010641
60010644
60010645
60010647
60010648
60010649
60010651
60010692
60010693
60010696
60010697
60010698
60010703
60010705
60010709
60010714
60010717
60010721
60010722
60010723
60010724
60010725
60010727
