40022203
40022220
40022224
40022237
40022239
40022240
40022257
40022319
40022409
40022424
40022438
40022468
40022479
40022517
40022531
40022563
40022564
40022580
40022625
40022668
40022674
40022699
40022719
40022744
40022778
40022794
40022856
40022859
40022903
40022927
40022937
40022990
40023005
40023013
40023088
40023090
40023095
40023200
40023233
40023268
40023281
40023303
40023330
40023345
40023371
40023379
40023410
40023413
40023467
40023484
40023486
40023506
40023518
40023591
40023612
40023630
40023694
40023723
40023749
40023779
40023842
40023944
40024009
40024071
40024091
40024132
40024169
40024175
40024176
40024187
40024201
40024233
40024358
40024386
40024391
40024431
40024433
40024438
40024465
40024502
40024546
40024560
40024606
40024624
40024760
40024773
40024795
40024836
40024849
40024915
40024973
40025005
40025040
40025186
40025226
40025245
40025256
40025287
40025295
40025313
40025340
40025398
40025529
40025535
40025536
40025567
40025576
40025599
40025609
40025618
40025631
40025684
40025738
40025767
40025774
40025815
40025828
40025837
40025838
40025853
40025862
40025905
40025920
40025925
40025963
40025968
40025982
40026043
40026048
40026071
40026073
40026117
40026185
40035384
40035415
40035463
40035487
40035535
40035590
40035617
40035646
40035723
40035726
40035732
40035760
40035806
40035875
40035905
40035922
40035947
40035948
40035955
40035970
40035976
40035986
40036015
40036034
40036044
40036069
40036183
40036187
40036250
40036258
40042343
40042375
40042381
40042388
40042454
40042508
40042557
40042609
40042618
40042627
40042653
40042696
40042698
40042705
40042840
40042852
40042951
40042960
40043088
40043093
40043108
40043155
40043169
40070315
40070385
40070388
40070410
40070507
40070563
40070600
40070617
40070627
40070631
40070651
40070709
40070718
40070724
40070749
40070760
40070810
40070835
40070856
40070871
40070884
40070909
40070936
40070961
40070965
40071007
40071023
40071026
40071033
40071075
40071076
40071094
40071096
40071117
40071134
40071174
40071179
40071197
40071210
40071281
40071309
40071324
40071368
40071375
40071376
40071382
40071434
40071438
40071450
40071456
40071485
40071564
40071588
40071638
40071649
40071671
40071681
40071682
40071691
40071692
40071710
40071713
40071735
40071755
40071779
40071784
40071802
40071820
40071829
40071931
40071978
40071999
40072000
40072027
40072032
40072175
40072180
40072194
40072197
40072202
40072209
40072231
40072273
40072289
40072324
40072381
40072401
40072460
40072499
40072643
40072649
40072650
40072656
40072717
40072744
40072760
40072764
40072770
40072792
40072894
40072920
40072923
40072980
40072981
40072988
40073018
40073035
40073052
40073063
40073087
40073121
40073159
40073176
40073182
40073209
40073216
40073317
40073341
40073356
40073358
40073380
40073388
40073420
40073478
40073498
40073535
40073546
40073548
40073583
40073584
40073626
40073631
40073634
40073694
40073765
40073770
40073771
40073778
40073803
40073806
40073853
40073864
40073879
40073900
40073907
40073931
40074010
40074014
40074019
40074032
40074053
40074120
40074168
40074223
40074246
40074267
40074270
40074271
40074283
40074338
40074348
40074368
40074369
40074381
40074427
40074439
40074447
40074451
40074461
40074462
40074490
40074495
40074520
40074570
40074596
40074597
40074619
40074644
40074665
40074672
40074683
40074699
40074702
40074734
40074738
40074747
40074748
40074756
40074772
40074775
40074797
40074821
40074830
40074840
40074859
40074904
40074926
40074948
40074973
40074991
40075025
40075107
40075124
40075200
40086361
40086369
40086420
40086484
40086504
40086520
40086534
40086560
40086572
40086629
40086651
40086697
40086702
40087022
40087031
40087100
40087168
40087176
40087187
40087267
40087311
40087326
40087413
40087455
40087467
40093106
40093164
40093190
40093211
40093237
40093249
40093269
40093288
40093290
40093309
40093312
40093323
40093377
40093401
40093406
40093430
40093466
40093487
40093551
40093561
40093595
40093603
40093606
40093628
40093681
40093695
40093719
40099085
40099173
40099201
40099272
40099298
40099323
40099419
40099428
40099460
40099465
40099491
40099519
40099535
40099550
40099578
40099605
40099623
40099629
40099695
40103415
40103461
40103588
40103623
40103644
40103671
40103706
40107354
40107422
40107456
40107468
40107511
40107583
40107585
40107597
40107625
40107627
40107631
40110860
40110898
40111007
40114013
40114023
40114024
40114034
40114046
40114050
40114106
40114149
40114172
40114183
40114193
40119156
40119159
40119163
40119166
40119168
40119170
40119173
40119177
40119182
40119188
40119190
40119193
40119194
40119195
40119197
40119205
40119207
40119208
40119209
40119210
40119211
40119212
40119214
40119216
40119218
40119224
40119225
40119231
40119235
40119247
40119251
40119252
40119265
40119267
40119269
40119273
40119274
40119280
40119289
40119291
40119293
40119296
40119298
40119300
40119303
40119304
40119310
40119311
40119312
40119313
40119314
40119318
40119320
40119323
40119326
40119339
40119341
40119346
40119351
40119356
40119357
40119359
40119362
40119363
40119365
40119367
40119369
40119371
40119373
40119380
40119384
40119385
40119392
40119393
40119395
40119397
40119400
40119401
40119402
40119403
40119406
40119407
40119410
40119417
40119423
40119424
40119429
40119431
40119432
40119433
40119434
40119443
40119445
40119446
40119450
40119451
40119453
40119455
40119457
40119460
40119463
40119469
40119470
40119471
40119474
40119475
40119476
40119477
40119478
40119483
40119484
40119486
40119491
40119494
40119496
40119501
40119514
40119515
40122757
40122770
40122777
40122782
40122784
40122788
40122791
40122794
40122806
40122813
40122815
40122839
40122846
40122861
40122868
40122882
40122901
40122902
40122921
40122923
40122942
40122959
40122969
40122970
40125776
40125777
40125784
40125794
40125802
40125814
40125856
40125860
40125862
40125867
40125868
40125876
40125898
40125908
40125932
40125959
40125964
40125969
40125971
40125984
40125985
40126025
40129081
40129127
40129138
40129156
40129160
40129163
40129227
40129249
40129270
40129293
40129297
40132206
40132240
40132339
40134992
40135061
40135088
40135104
40135160
40137632
40137646
40137658
40137665
40137670
40137681
40137684
40137688
40137699
40137714
40137737
40137764
40137792
40137799
40137812
40137819
40137821
40139942
40139973
40140008
40140016
40140026
40140053
40140059
40140105
40142463
40142473
40145108
40145136
40145173
40147780
40147798
40147864
40147876
40147926
40150114
40150116
40150162
40152713
40152761
40152762
40152799
40165503
40165710
40165984
40166067
40171210
40175560
40178845
40181997
40182181
40182259
40185168
40185291
40194495
40194546
40194731
40197956
40200420
40206302
40206373
40206557
40209353
40212064
40216911
40217051
40217100
40222596
40225966
40231807
40234737
40234776
40237670
40243249
40245327
40249984
40261348
40261488
40263886
40263909
40270833
40271077
40276337
40279394
40305413
40311879
40317024
40328503
40336831
40336838
40336847
40336909
40336931
40336949
40337065
40337171
40337284
40337290
40337379
40337420
40337431
40345319
40356509
40358859
40358995
40361428
40363703
40363726
40363871
40365728
40367886
40369767
40369785
40369920
40375347
40375438
40380973
40381172
40391367
40391371
40391384
40391387
40391393
40391396
40391415
40391417
40391421
40391423
40391432
40391440
40391450
40391456
40391463
40391473
40391479
40391486
40391500
40391532
40391543
40391560
40391564
40391570
40391573
40391588
40391593
40391595
40391633
40391636
40391644
40391645
40391673
40391699
40391703
40391725
40391732
40391739
40391740
40391759
40391779
40391789
40391796
40391807
40391811
40391814
40391854
40391871
40391881
40391925
40391934
40391936
40391955
40391957
40391978
40391989
40392010
40392016
40392021
40392038
40392041
40392048
40392052
40392056
40392075
40392081
40392092
40392102
40392106
40392108
40392119
40392121
40392124
40392128
40392137
40392167
40392205
40392211
40392214
40392217
40392220
40392221
40392248
40392284
40392292
40392297
40392342
40392343
40392354
40392388
40392392
40392396
40392412
40392443
40396871
40396893
40404405
40404447
40404834
40408345
40411896
40412101
40415472
40425362
40425406
40425421
40425449
40425679
40425752
40425793
40425849
40425878
40425902
40442416
40442454
40442498
40442519
40444913
40447325
40453825
40453828
40453850
40453912
40454019
40494191
40546101
40548350
40631453
43325490
43364676
43366253
43429905
50004333
50004334
50004335
50004336
50004337
50004339
50004341
50004357
50004570
50004573
50004576
50004581
50004587
50004694
50004720
50006063
50006064
50006065
50012433
50012437
50012454
50012634
50012704
50012705
50012706
50012707
50013174
50013199
50013201
50033812
50033945
50034042
50034047
50034074
50034081
50034097
50034106
50034116
50034140
50034162
50034173
50034179
50034190
50034199
50034203
50034262
50034284
50034285
50034306
50034313
50034323
50034363
50034383
50034392
50034402
50034480
50034493
50034500
50034505
50034515
50034519
50034520
50034544
50034582
50034596
50034610
50034613
50034646
50034677
50034684
50034701
50034811
50034857
50034871
50034874
50034885
50034906
50034912
50034941
50034952
50034974
50034990
50035009
50035010
50035018
50035032
50035039
50035065
50035070
50035074
50035083
50035100
50035151
50037487
50037488
50037499
50037501
50037508
50037511
50037513
50037514
50037517
50037529
50037538
50037540
50037541
50037544
50037545
50037554
50037559
50037563
50037569
50037571
50037574
50044099
50044199
50044213
50044243
50044266
50044316
50044336
50044343
50044344
50044368
50044378
50044380
50044386
50044394
50044401
50044408
50044465
50044471
50044509
50044511
50044517
50044533
50044534
50044536
50044586
50044590
50046182
50046204
50046206
50046209
50046210
50046257
50047319
50047321
50047323
50047329
50047340
50047341
50047342
50047343
50047344
50047345
50047346
50047347
50047348
50047349
50047350
50047351
50047352
50047353
50047354
50047355
50047356
50047358
50047366
50047367
50047368
50047369
50047370
50047371
50047372
50047373
50047374
50047378
50047379
50047380
50047381
50047382
50047386
50047387
50047388
50047389
50047390
50047391
50047400
50047401
50047402
50057447
50057448
50057449
50057452
50057455
50057527
50057529
50057530
50065515
50065517
50065521
50065536
50065550
50065560
50065580
50065586
50065603
50065657
50065666
50065686
50065694
50065703
50065716
50065757
50065761
50065782
50065789
50065845
50065858
50065864
50065869
50065870
50065897
50065920
50065921
50065924
50065926
50065944
50065960
50065966
50065975
50065983
50065991
50065997
50066012
50066028
50066037
50066042
50066045
50066062
50066067
50066079
50066088
50066090
50066093
50066103
50066107
50066108
50066109
50066113
50066114
50066125
50066134
50066146
50066160
50066185
50066203
50066211
50066219
50066221
50066230
50066238
50066251
50066257
50066258
50066288
50066289
50066294
50066298
50066314
50066319
50066333
50066343
50066345
50066352
50066358
50066373
50066388
50066389
50066392
50066401
50066408
50066414
50066417
50066435
50066436
60012486
60012487
60012511
60012518
60012540
60012543
60012559
60012563
60012576
60012607
60012619
60012632
60012633
60012634
60012636
60012638
60012640
60012641
60012643
60012645
60012651
60012653
60012654
60012655
60012656
60012660
60012661
60012662
60012663
60012665
60012666
60012667
60012668
60012669
60012670
60012674
60012675
60012676
60012678
60012679
60012680
60012682
60012683
60012684
60012686
60012687
60012689
60012690
60012722
60012723
60012724
60012725
60012726
60012727
60012729
60012730
60012731
60012732
60012733
60012734
60012738
60012741
60012742
60012743
60012744
60012745
60012746
60012748
60012749
60012751
60012758
60012760
60012762
60012766
60012768
60012770
60012771
60012772
60012774
60012776
60012781
60012786
60012788
60012789
60012790
60012791
60012795
60012797
60012801
60012803
60012805
60012809
60012810
60012811
