40017800
40018063
40018070
40018083
40018135
40018168
40018181
40018210
40018219
40018223
40018224
40018238
40018244
40018249
40018260
40018276
40018353
40018356
40018357
40018380
40018415
40018432
40018440
40018452
40018480
40018502
40018509
40018527
40018544
40018590
40018616
40018655
40018688
40018690
40018704
40018708
40018748
40018755
40018761
40018764
40018782
40018822
40018884
40018907
40018908
40018914
40018987
40019006
40019011
40019017
40019024
40019026
40019027
40019105
40019110
40019116
40019127
40019169
40019188
40019193
40019261
40019272
40019301
40019308
40019330
40019338
40019345
40019386
40019391
40019422
40019466
40019470
40019584
40019586
40019601
40019603
40019605
40019608
40019635
40019643
40019648
40019700
40019706
40019725
40019739
40019754
40019758
40019765
40019789
40019808
40019810
40019834
40019869
40019875
40019897
40019912
40019916
40019941
40019962
40019963
40019964
40019979
40020055
40020062
40020090
40020135
40020155
40020175
40020217
40020241
40020254
40020255
40020264
40020303
40020307
40020320
40020325
40020327
40020328
40020347
40020371
40020416
40020429
40020459
40020545
40020547
40020563
40020604
40020628
40020681
40020692
40020705
40020728
40020750
40020754
40020787
40020814
40020834
40020873
40020874
40020922
40020930
40020964
40020991
40021015
40021025
40021031
40021134
40021173
40021207
40021247
40021300
40021398
40021415
40021422
40021461
40021468
40021500
40021529
40021538
40021555
40021570
40021573
40021594
40021597
40021609
40021635
40021675
40021683
40021711
40021720
40021724
40021742
40021795
40021807
40021848
40021877
40021890
40021891
40021927
40021952
40021956
40021958
40022022
40022078
40022095
40022154
40022235
40034282
40034288
40034321
40034334
40034352
40034389
40034412
40034483
40034506
40034511
40034532
40034538
40034585
40034719
40034733
40034759
40034770
40034771
40034783
40034853
40034862
40034910
40034930
40034964
40035005
40035034
40035074
40035110
40035118
40035162
40035179
40035180
40035198
40035226
40035249
40035317
40041469
40041508
40041554
40041555
40041595
40041602
40041632
40041642
40041651
40041698
40041721
40041857
40041874
40041902
40041907
40041910
40041913
40041921
40041931
40041973
40041996
40042010
40042020
40042068
40042070
40042074
40042110
40042111
40042138
40042154
40042166
40042184
40042203
40042228
40042323
40065677
40065687
40065710
40065760
40065800
40065802
40065803
40065807
40065858
40065914
40065970
40065971
40066011
40066043
40066059
40066131
40066161
40066234
40066259
40066269
40066278
40066281
40066288
40066317
40066389
40066415
40066461
40066473
40066486
40066509
40066516
40066527
40066568
40066575
40066607
40066611
40066630
40066694
40066723
40066729
40066758
40066791
40066792
40066816
40066826
40066828
40066836
40066841
40066853
40066857
40066879
40066943
40066949
40066994
40066996
40067003
40067047
40067139
40067144
40067162
40067173
40067209
40067249
40067260
40067286
40067320
40067336
40067375
40067389
40067394
40067453
40067460
40067469
40067502
40067556
40067587
40067599
40067603
40067670
40067700
40067704
40067705
40067713
40067733
40067810
40067816
40067867
40067872
40067905
40067945
40067981
40067996
40068003
40068020
40068027
40068033
40068038
40068049
40068060
40068094
40068109
40068133
40068142
40068144
40068193
40068319
40068351
40068352
40068413
40068445
40068459
40068495
40068599
40068602
40068623
40068636
40068637
40068638
40068647
40068708
40068719
40068738
40068745
40068753
40068857
40068861
40068874
40068912
40068944
40068983
40069012
40069022
40069037
40069055
40069059
40069070
40069081
40069086
40069088
40069115
40069121
40069122
40069134
40069149
40069153
40069154
40069155
40069160
40069188
40069212
40069228
40069242
40069255
40069270
40069302
40069309
40069320
40069349
40069353
40069373
40069428
40069471
40069523
40069552
40069575
40069587
40069594
40069618
40069671
40069696
40069767
40069816
40069872
40069959
40069993
40070002
40070016
40070035
40070039
40070086
40070114
40070144
40070159
40070165
40070174
40070205
40070251
40070252
40070316
40070368
40070378
40070513
40085090
40085168
40085190
40085353
40085380
40085394
40085435
40085484
40085545
40085552
40085568
40085569
40085571
40085740
40085742
40085754
40085904
40085995
40086053
40086090
40086137
40086147
40086167
40086173
40086214
40092469
40092474
40092507
40092509
40092519
40092539
40092576
40092590
40092598
40092619
40092646
40092647
40092661
40092668
40092687
40092705
40092719
40092729
40092774
40092801
40092832
40092846
40092878
40092880
40092892
40092896
40092919
40092955
40092965
40092967
40092984
40092985
40093011
40093028
40093031
40093061
40093086
40093104
40098292
40098306
40098325
40098382
40098424
40098476
40098584
40098605
40098642
40098727
40098760
40098788
40098804
40098808
40098867
40098919
40098948
40098951
40098966
40098968
40098997
40099043
40103033
40103167
40103287
40103292
40106950
40106952
40106991
40107038
40107096
40107103
40107127
40107179
40107225
40107236
40107249
40107255
40107271
40107285
40107298
40107326
40110441
40110640
40110786
40110794
40113666
40113740
40113746
40113812
40113842
40113888
40118762
40118763
40118764
40118770
40118772
40118773
40118777
40118778
40118780
40118782
40118786
40118787
40118801
40118802
40118805
40118813
40118819
40118820
40118821
40118824
40118826
40118828
40118834
40118837
40118838
40118841
40118842
40118843
40118844
40118845
40118846
40118854
40118858
40118859
40118860
40118862
40118864
40118865
40118866
40118868
40118870
40118872
40118873
40118875
40118877
40118880
40118882
40118883
40118886
40118887
40118888
40118892
40118895
40118896
40118910
40118911
40118919
40118922
40118923
40118924
40118926
40118927
40118929
40118936
40118938
40118939
40118943
40118946
40118947
40118948
40118950
40118951
40118954
40118955
40118957
40118959
40118961
40118963
40118969
40118972
40118978
40118979
40118981
40118982
40118983
40118984
40118985
40118990
40118992
40119003
40119005
40119006
40119008
40119009
40119011
40119012
40119013
40119014
40119019
40119022
40119023
40119026
40119027
40119030
40119034
40119035
40119037
40119041
40119048
40119059
40119061
40119063
40119066
40119067
40119068
40119076
40119080
40119081
40119082
40119083
40119084
40119087
40119089
40119090
40119092
40119097
40119104
40119105
40119106
40119107
40119108
40119109
40119110
40119120
40119121
40119125
40119128
40119129
40119130
40119132
40119133
40119135
40119143
40119146
40119157
40119158
40122514
40122548
40122553
40122562
40122565
40122584
40122586
40122590
40122623
40122628
40122650
40122654
40122680
40122686
40122709
40122729
40125557
40125580
40125586
40125615
40125618
40125634
40125654
40125677
40125694
40125751
40128821
40128833
40128841
40128849
40128852
40128853
40128868
40128903
40128906
40128910
40128928
40128951
40128960
40128968
40129029
40129036
40129041
40131962
40132020
40132022
40132028
40132034
40132083
40132110
40134817
40134819
40134829
40134911
40134973
40137473
40137477
40137486
40137508
40137521
40137537
40137543
40137558
40139754
40139800
40139838
40139856
40139878
40139907
40142258
40142265
40142339
40142378
40142397
40142434
40144885
40144932
40145041
40147561
40147569
40147615
40147643
40147667
40147764
40152558
40152584
40152613
40165215
40165287
40165310
40170484
40170486
40170507
40170568
40170648
40170743
40174936
40174956
40175096
40175102
40175106
40178646
40178689
40181880
40182004
40184774
40184816
40184919
40187981
40188159
40191338
40191353
40200093
40200193
40202785
40202874
40205959
40208918
40209023
40225701
40231281
40231498
40231618
40234569
40234583
40237301
40237314
40237459
40240213
40242830
40242953
40244931
40245003
40249665
40249703
40263610
40265801
40265806
40268058
40270448
40278612
40284261
40291514
40291816
40303941
40316250
40320328
40324326
40336271
40336319
40336332
40336345
40336352
40336397
40336423
40336429
40336470
40336498
40336604
40336631
40336684
40336694
40336711
40336759
40336774
40336794
40341004
40341313
40344797
40345049
40353251
40356228
40358589
40361190
40363467
40363539
40363546
40363558
40363562
40363584
40363610
40363615
40365605
40365613
40365619
40369615
40369654
40371517
40371522
40378940
40390347
40390352
40390363
40390364
40390369
40390372
40390373
40390379
40390387
40390391
40390392
40390396
40390411
40390419
40390428
40390453
40390481
40390488
40390490
40390494
40390496
40390514
40390525
40390542
40390557
40390562
40390573
40390585
40390596
40390601
40390603
40390609
40390615
40390638
40390643
40390647
40390649
40390653
40390664
40390668
40390672
40390674
40390684
40390691
40390703
40390720
40390732
40390741
40390750
40390755
40390761
40390764
40390776
40390777
40390780
40390790
40390812
40390815
40390831
40390832
40390839
40390852
40390862
40390895
40390919
40390929
40390930
40390942
40390954
40390967
40390970
40390993
40390995
40391002
40391003
40391011
40391018
40391024
40391046
40391059
40391080
40391083
40391104
40391106
40391129
40391158
40391172
40391173
40391197
40391218
40391226
40391229
40391234
40391235
40391265
40391266
40391272
40391287
40391290
40391301
40391304
40391309
40391321
40391343
40396406
40396541
40396728
40403133
40403249
40407941
40408003
40415174
40417916
40417986
40424837
40424858
40424991
40425026
40425080
40425081
40425171
40425180
40425274
40425275
40425307
40434744
40439486
40446844
40447019
40450907
40453596
40453675
40453744
40522004
40537793
40543499
43298270
43379475
50004203
50004207
50004264
50004522
50004524
50004532
50004536
50004543
50004549
50004563
50004564
50004566
50004725
50004944
50006062
50012306
50012323
50012330
50012334
50012345
50012377
50012626
50012700
50012701
50012702
50012703
50013171
50013197
50013198
50031910
50031979
50031982
50032011
50032123
50032166
50032194
50032265
50032304
50032315
50032355
50032467
50032482
50032505
50032596
50032615
50032628
50032636
50032755
50032795
50032874
50032886
50032894
50032948
50033041
50033156
50033188
50033298
50033302
50033348
50033362
50033410
50033430
50033469
50033489
50033537
50033615
50033625
50033654
50033693
50033755
50033764
50037368
50037390
50037399
50037415
50037429
50037440
50037443
50037454
50037470
50037478
50043548
50043558
50043565
50043566
50043574
50043624
50043714
50043722
50043739
50043796
50043876
50043911
50043940
50043956
50043992
50046128
50047256
50047257
50047258
50047259
50047260
50047261
50047262
50047263
50047264
50047265
50047266
50047267
50047268
50047269
50047270
50047276
50047277
50047283
50047284
50047286
50047288
50047289
50047290
50047291
50047293
50047299
50047300
50047301
50047302
50047303
50047304
50047305
50047306
50047307
50047308
50047309
50047310
50047318
50047322
50047324
50047325
50047326
50047328
50057522
50057526
50057528
50064632
50064636
50064649
50064654
50064669
50064674
50064685
50064688
50064691
50064695
50064719
50064744
50064746
50064797
50064826
50064829
50064830
50064840
50064841
50064851
50064886
50064890
50064906
50064947
50064951
50064955
50064961
50064966
50064996
50065002
50065044
50065055
50065056
50065087
50065088
50065101
50065102
50065116
50065129
50065139
50065151
50065165
50065170
50065182
50065203
50065209
50065213
50065217
50065227
50065248
50065260
50065295
50065304
50065316
50065319
50065333
50065340
50065365
50065405
50065407
50065417
50065444
50065462
50065466
50065475
50065508
50065513
60009752
60009754
60009755
60009756
60009758
60009764
60009765
60009767
60009768
60009770
60009772
60009811
60009813
60009814
60009816
60009817
60009819
60009870
60009876
60009881
60009892
60009893
60009895
60009905
60009910
60009913
60009915
60009923
60012478
60012479
60012480
60012481
60012482
60012483
60012484
60012485
60012488
60012489
60012490
60012491
60012492
60012493
60012494
60012495
60012496
60012497
60012498
60012499
60012500
60012501
60012502
60012503
60012504
60012631
60012635
60012637
60012639
60012642
60012644
60012646
60012647
60012648
60012649
60012650
60012652
60012671
60012672
60012673
60012681
60012688
60012691
60012692
60012693
60012695
60012696
60012697
60012698
60012701
60012702
60012703
60012706
60012707
60012708
60012710
60012712
60012714
60012715
60012716
60012718
60012720
60012721
60012757
60012763
60012777
60012780
60012792
60012794
60012804
60012819
60012820
60012822
60012823
60012824
60012826
60012828
60012835
60012839
60012841
60012842
60012843
60012854
60012857
60012860
