40026768
40026826
40026827
40026830
40026836
40026837
40027292
40027295
40027323
40027332
40027341
40027345
40027351
40027354
40027355
40027390
40027391
40027392
40027397
40027409
40027424
40027433
40027486
40027508
40027554
40027556
40027576
40027593
40027614
40027620
40027640
40027652
40027662
40027671
40027765
40036818
40037080
40037104
40043394
40043413
40077596
40077635
40077672
40077699
40077884
40078271
40078823
40078902
40079057
40079073
40079093
40088552
40166719
40166733
40166746
40166784
40166812
40166818
40166825
40166844
40166849
40166871
40166875
40166959
40166989
40166990
40167111
40167204
40167285
40167470
40167580
40167593
40167698
40167729
40167769
40179522
40186016
40321548
43300315
50000111
50000280
50000307
50000311
50000314
50000405
50000406
50000407
50000408
50000409
50000426
50000609
50000612
50000614
50000616
50000623
50000626
50000631
50000633
50012713
50012714
50012715
50012716
50012717
50012718
50012719
50013205
50013206
50013207
50013208
50013209
50013210
50013211
50013516
50013517
50014040
50014048
50014067
50014089
50014091
50014100
50014157
50035257
50035283
50035287
50035303
50035330
50035334
50035335
50035353
50035355
50035367
50035385
50035396
50035457
50035475
50035480
50035486
50035497
50035500
50035508
50035511
50035521
50035523
50035531
50035559
50035570
50035571
50035586
50035596
50035604
50035651
50035654
50035665
50035668
50035688
50035693
50035710
50035718
50035723
50035730
50035738
50035752
50035764
50035766
50035769
50035782
50035796
50035814
50035822
50035839
50035842
50035859
50035866
50035867
50035870
50035912
50035916
50035918
50035921
50035946
50035948
50035949
50035952
50035970
50035979
50035993
50036014
50036024
50036025
50036026
50036029
50036034
50036035
50036040
50036042
50036074
50036078
50036086
50036110
50036119
50036121
50036122
50036123
50036129
50036135
50036142
50036154
50036166
50036167
50036169
50036181
50036186
50036189
50036201
50036208
50036209
50036215
50036224
50036242
50036244
50036252
50036271
50036276
50036282
50036291
50036308
50036312
50037583
50037584
50037587
50037590
50037592
50037595
50037598
50037606
50037608
50037613
50037625
50037628
50044626
50044661
50044671
50044679
50044721
50044722
50044734
50044750
50044752
50044766
50044782
50044794
50044806
50044808
50044844
50044848
50044849
50044865
50044871
50044878
50044884
50044891
50044893
50044902
50044922
50044928
50044953
50044957
50044961
50044975
50044981
50044991
50045016
50045032
50045040
50045049
50045058
50045101
50045110
50045127
50047477
50047483
50047486
50047487
50047489
50047493
50047495
50047496
50047499
50047500
50047501
50047502
50047503
50047504
50047505
50047506
50047507
50047508
50047509
50047510
50047511
50047512
50047513
50047514
50047515
50047516
50047517
50047518
50047519
50047520
50047521
50047522
50047523
50047525
50047526
50047527
50047528
50047529
50047530
50047531
50047532
50047533
50047534
50047535
50047536
50047537
50047538
50047539
50047540
50047541
50047542
50047543
50047544
50047545
50047546
50047547
50047548
50047549
50047550
50056881
50056883
50056897
50056898
50056900
50056902
50056904
50056905
50056906
50056907
50056908
50056909
50056910
50056911
50056924
50066465
50066487
50066505
50066514
50066515
50066517
50066524
50066540
50066543
50066546
50066552
50066553
50066559
50066560
50066569
50066570
50066574
50066576
50066583
50066595
50066599
50066607
50066627
50066633
50066634
50066635
50066639
50066643
50066650
50066655
50066671
50066673
50066676
50066681
50066684
50066690
50066714
50066721
50066732
50066744
50066747
50066765
50066779
50066793
50066796
50066803
50066809
50066811
50066823
50066841
50066842
50066851
50066854
50066856
50066862
50066874
50066881
50066886
50066892
50066893
50066898
50066902
50066906
50066912
50066937
50066939
50066946
50066952
50066961
50066966
50066971
50066975
50066986
50066993
50066997
50067007
50067010
50067011
50067030
50067032
50067058
50067062
50067068
50067069
50067071
50067074
50067086
50067101
50067105
50067107
50067111
50067112
50067113
50067119
50067121
50067122
50067123
50067127
50067128
50067130
50067134
50067138
50067140
50067142
50067144
50067148
50067149
50067152
50067174
50067180
50067188
50067193
50067194
50067198
50067244
60010356
60010380
60010386
60010389
60010486
60010506
60010507
60010510
60010513
60010514
60010515
60010516
60010518
60010519
60010520
60010521
60010522
60010523
60010524
60010525
60010527
60010528
60010529
60010530
60010531
60010532
60010535
60010536
60010537
60010538
60010539
60010540
60010541
60010542
60010544
60010546
60010547
60010548
60010549
60010550
60010551
60010552
60010553
60010554
60010555
60010556
60010557
60010558
60010559
60010561
60010562
60010563
60010564
60010565
60010566
60010567
60010596
60010629
60010630
60010631
60010633
60010639
60010640
60010646
60010650
60010652
60010653
60010654
60010655
60010656
60010657
60010658
60010659
60010660
60010661
60010662
60010664
60010665
60010666
60010667
60010668
60010669
60010670
60010671
60010672
60010673
60010674
60010675
60010676
60010677
60010678
60010679
60010681
60010682
60010683
60010684
60010685
60010686
60010687
60010690
60010691
60010699
60010701
60010702
60010704
60010706
60010707
60010711
60010712
60010713
