40381582
40381669
40381759
40381787
40381848
40381910
40381965
40381968
40382629
40398087
40405527
40408799
40412823
40416207
40421416
40421417
40421512
40421546
40421658
40421702
40421784
40421847
40421888
40421912
40426437
40432347
40442944
40447699
40449676
40449684
40451547
40451559
40451589
40451648
40451662
40451691
40451709
40451723
40451728
40451745
40451767
40451853
40451884
40451888
40451907
40452058
40452138
40452194
40452214
40457002
40457004
40457013
40458992
40459103
40459147
40463142
40465385
40467589
40471358
40478247
40478281
40478373
40481029
40481079
40481132
40481133
40481154
40481155
40481202
40481238
40481255
40481493
40481513
40481596
40481648
40481715
40481884
40481890
40481933
40482022
40482025
40482121
40482141
40482213
40484436
40488016
40488085
40488186
40488290
40488349
40488367
40488384
40488439
40488459
40490445
40492555
40494621
40494633
40494881
40627379
40627399
40627428
40627462
40627527
40627539
40627569
40627580
40627581
40627592
40627611
40627622
40627635
40627640
40627643
40627652
40627657
40627667
40627689
40627694
40627711
40627728
40627732
40627749
40627750
40627761
40627765
40627787
40627790
40627791
40627792
40627846
40627858
40627878
40627884
40627902
40627910
40627921
40627926
40627932
40627941
40627949
40627957
40627958
40627961
40627966
40627974
40627988
40627991
40627996
40627999
40628017
40628018
40628021
40628025
40628028
40628029
40628046
40628048
40628061
40628063
40628064
40628081
40628088
40628093
40628099
40628101
40628136
40628140
40628144
40628147
40628151
40628154
40628159
40628164
40628166
40628170
40628182
40628184
40628195
40628215
40628218
40628221
40628226
40628228
40628245
40628256
40628267
40628271
40628276
40628279
40628282
40628285
40628289
40628292
40628304
40628311
40628315
40628337
40628338
40628341
40628343
40628349
40628350
40628355
40628362
40628369
40628371
40628374
40628380
40628390
40628413
40628418
40628419
40628434
40628438
40628446
40628465
40628468
40628470
40628475
40628496
40628499
40628512
40628540
40628546
40628555
40628559
40628566
40628573
40628577
40628582
40628586
40628591
40628598
40628630
40628639
40630237
40630357
40630404
40631904
42838095
42838106
42838113
42838119
42838130
42838144
42838148
42838150
42838155
42838161
42838170
42838181
42838189
42838191
42838201
42838204
42838207
42838218
42838240
42838259
42838262
42838287
42838310
42838341
42838350
42838356
42838360
42838365
42838373
42838404
42838453
42838464
42838469
42838482
42838496
42838500
42838538
42838544
42838550
42840797
42840940
42842651
42876944
42877293
43042490
43043245
43059270
43076227
43118059
43184014
43196481
43198594
43204222
43211255
43224696
43233139
43236268
50005073
50005497
50005623
50005626
50005673
50012642
50012725
50012750
50012751
50012752
50012753
50013369
50020280
50020285
50020331
50020390
50020440
50020536
50020602
50020620
50020626
50020670
50020707
50020728
50020776
50020799
50020823
50020975
50020977
50021095
50021096
50021156
50021269
50021270
50021279
50021312
50021313
50021315
50021335
50021351
50021370
50021393
50021402
50021437
50021507
50021566
50021576
50021582
50021641
50021662
50021668
50021687
50021702
50021717
50021739
50021762
50021781
50021893
50021930
50021937
50021945
50021946
50021954
50022027
50022045
50022055
50022117
50022159
50022312
50022408
50022430
50022505
50022514
50022684
50036649
50036650
50036661
50036664
50036665
50036678
50036688
50036701
50036702
50036705
50036714
50036720
50036726
50036729
50036746
50036752
50039910
50039930
50039937
50040018
50040049
50040061
50040069
50040098
50040150
50040158
50040191
50040198
50040236
50040245
50040340
50046352
50046354
50046355
50046357
50046366
50046369
50047651
50047652
50047653
50047663
50047664
50048099
50048106
50048108
50048109
50048111
50048112
50048113
50048114
50048115
50048116
50048117
50048118
50048119
50048120
50048121
50048122
50048123
50048124
50048125
50048126
50048127
50048128
50048129
50048130
50048131
50048132
50048133
50048134
50048135
50048136
50048138
50048139
50055335
50055359
50057117
50057125
50057128
50057130
50057131
50057132
50057133
50057136
50057137
50057138
50057139
50057151
50057153
50057154
50057155
50057156
50057157
50057158
50057159
50057161
50057162
50057474
50057478
50057483
50057485
50057486
50057487
50059889
50059949
50059950
50060000
50060031
50060035
50060041
50060046
50060063
50060065
50060096
50060106
50060114
50060142
50060159
50060169
50060185
50060207
50060216
50060294
50060297
50060300
50060326
50060336
50060343
50060347
50060403
50060417
50060446
50060452
50060481
50060504
50060509
50060549
50060553
50060582
50060601
50060616
50060650
50060673
50067237
50067250
60006318
60006320
60006322
60006323
60006324
60006325
60006327
60006329
60006330
60006331
60006332
60006334
60006335
60006336
60006337
60006339
60006389
60006391
60006392
60006393
60006398
60006401
60006403
60006407
60006408
60006409
60006413
60006414
60006416
60006419
60006420
60006422
60006423
60006424
60006425
60006429
60006430
60006432
60006434
60006435
60006445
60006447
60006450
60006451
60006452
60006453
60006454
60006455
60006456
60006457
60006458
60006459
60006460
60006461
60006463
60006464
60006466
60006467
60006469
60006471
60006473
60006474
60006475
60006476
60006477
60006479
60006481
60006484
60006485
60006486
60006488
60006489
60006491
60006492
60006493
60006494
60006496
60006499
60006500
60006504
60006518
60006521
60006526
60006541
60006543
60006544
60006556
60006557
60006568
60006569
60006571
60006572
60006574
60006575
60006578
60006584
60006589
60006593
60006594
60006597
60006599
60006600
60006604
60006606
60006613
60006614
60006615
60006618
60006622
60006625
60006626
60006629
60006631
60006635
60006636
60006642
60006643
60006644
60006645
60006649
60006669
