40018960
40018982
40019070
40019077
40019122
40019128
40019133
40019134
40019147
40019155
40019175
40019177
40019190
40019194
40019204
40019215
40019223
40019231
40019265
40019267
40019274
40019278
40019283
40019284
40019298
40019313
40019314
40019326
40019332
40019339
40019340
40019346
40019349
40019363
40019366
40019370
40019381
40019388
40019403
40019407
40019426
40019430
40019434
40019435
40019438
40019440
40019443
40019448
40019449
40019450
40019452
40019454
40019455
40019457
40019458
40019461
40019463
40019465
40019467
40019472
40019473
40019477
40019488
40019489
40019492
40019493
40019497
40019498
40019503
40019506
40019515
40019517
40019521
40019522
40019529
40019532
40019537
40019539
40019543
40019546
40019548
40019549
40019554
40019559
40019565
40019566
40019567
40019568
40019572
40019577
40019579
40019580
40019581
40019582
40019589
40019590
40019592
40019594
40019604
40019609
40019612
40019615
40019617
40019621
40019626
40019628
40019632
40019634
40019639
40019644
40019645
40019646
40019651
40019656
40019659
40019664
40019665
40019666
40019667
40019671
40019672
40019673
40019674
40019676
40019677
40019679
40019685
40019686
40019687
40019689
40019691
40019692
40019694
40019697
40019698
40019705
40019709
40019710
40019713
40019714
40019717
40019721
40019726
40019727
40019728
40019735
40019736
40019741
40019747
40019748
40019751
40019767
40019774
40019776
40019777
40019778
40019787
40019788
40019794
40019797
40019800
40019802
40019807
40019811
40019813
40019814
40019816
40019817
40019819
40019821
40019824
40019825
40019835
40019836
40019842
40019843
40019844
40019845
40019846
40019847
40019851
40019852
40019856
40019866
40019868
40019872
40019882
40019884
40019885
40019886
40019889
40019890
40019899
40019900
40019905
40019907
40019909
40019910
40019913
40019918
40019919
40019920
40019923
40019924
40019927
40019930
40019942
40019944
40019946
40019947
40019951
40019954
40019955
40019960
40019961
40019966
40019968
40019969
40019974
40019975
40019976
40019978
40019980
40019982
40019983
40019990
40019992
40019993
40020000
40020002
40020003
40020004
40020007
40020012
40020017
40020019
40020021
40020025
40020026
40020028
40020031
40020032
40020037
40020044
40020045
40020049
40020053
40020054
40020059
40020061
40020064
40020065
40020070
40020073
40020075
40020076
40020077
40020078
40020083
40020085
40020089
40020091
40020096
40020097
40020098
40020101
40020103
40020106
40020107
40020108
40020109
40020111
40020115
40020120
40020121
40020128
40020129
40020130
40020131
40020133
40020134
40020142
40020145
40020151
40020157
40020160
40020161
40020163
40020166
40020167
40020168
40020171
40020176
40020177
40020178
40020179
40020180
40020183
40020184
40020185
40020188
40020189
40020191
40020195
40020201
40020204
40020205
40020208
40020211
40020213
40020215
40020216
40020219
40020220
40020221
40020225
40020226
40020227
40020228
40020229
40020230
40020234
40020245
40020246
40020247
40020251
40020257
40020258
40020261
40020266
40020272
40020273
40020275
40020277
40020284
40020286
40020289
40020292
40020293
40020294
40020295
40020297
40020298
40020299
40020301
40020309
40020312
40020313
40020319
40020321
40020326
40020332
40020338
40020340
40020343
40020344
40020348
40020350
40020356
40020359
40020361
40020363
40020372
40020374
40020375
40020376
40020377
40020378
40020379
40020382
40020383
40020384
40020385
40020391
40020393
40020395
40020396
40020399
40020400
40020402
40020405
40020422
40020433
40020434
40020435
40020439
40020441
40020443
40020445
40020446
40020447
40020452
40020465
40020466
40020467
40020470
40020475
40020478
40020481
40020487
40020489
40020490
40020495
40020496
40020500
40020501
40020504
40020508
40020510
40020511
40020515
40020522
40020524
40020525
40020526
40020529
40020531
40020535
40020536
40020537
40020541
40020542
40020544
40020546
40020550
40020551
40020552
40020559
40020562
40020565
40020567
40020573
40020579
40020586
40020590
40020600
40020606
40020609
40020612
40020613
40020619
40020620
40020621
40020622
40020624
40020625
40020626
40020627
40020635
40020636
40020637
40020638
40020644
40020649
40020651
40020652
40020659
40020668
40020670
40020671
40020672
40020673
40020674
40020675
40020679
40020680
40020682
40020685
40020689
40020691
40020694
40020696
40020698
40020699
40020702
40020710
40020711
40020717
40020718
40020719
40020722
40020724
40020725
40020727
40020730
40020732
40020734
40020736
40020737
40020740
40020746
40020748
40020758
40020759
40020763
40020768
40020772
40020773
40020774
40020777
40020778
40020779
40020781
40020788
40020791
40020793
40020794
40020795
40020796
40020798
40020799
40020801
40020805
40020806
40020807
40020808
40020809
40020810
40020811
40020813
40020822
40020828
40020829
40020832
40020837
40020838
40020843
40020844
40020850
40020851
40020854
40020858
40020862
40020864
40020865
40020866
40020870
40020878
40020882
40020883
40020884
40020885
40020886
40020892
40020895
40020900
40020905
40020910
40020911
40020914
40020917
40020918
40020926
40020927
40020928
40020932
40020934
40020942
40020943
40020945
40020947
40020951
40020953
40020954
40020957
40020958
40020963
40020965
40020969
40020970
40020973
40020979
40020982
40020987
40020995
40020998
40021002
40021011
40021012
40021028
40021032
40021037
40021044
40021049
40021051
40021055
40021057
40021066
40021072
40021077
40021079
40021080
40021084
40021086
40021088
40021094
40021095
40021096
40021097
40021098
40021100
40021106
40021109
40021111
40021112
40021118
40021119
40021120
40021122
40021125
40021127
40021131
40021133
40021136
40021137
40021138
40021141
40021148
40021150
40021151
40021152
40021157
40021163
40021166
40021168
40021170
40021172
40021174
40021177
40021178
40021180
40021181
40021185
40021186
40021189
40021191
40021197
40021198
40021202
40021203
40021206
40021210
40021215
40021222
40021223
40021224
40021229
40021234
40021236
40021239
40021241
40021243
40021253
40021254
40021259
40021261
40021264
40021270
40021272
40021273
40021275
40021278
40021279
40021281
40021285
40021293
40021294
40021295
40021296
40021302
40021304
40021307
40021308
40021309
40021317
40021318
40021331
40021336
40021338
40021339
40021350
40021355
40021357
40021359
40021362
40021364
40021365
40021370
40021373
40021377
40021380
40021381
40021385
40021388
40021392
40021396
40021397
40021402
40021403
40021405
40021407
40021409
40021416
40021417
40021423
40021424
40021426
40021432
40021438
40021441
40021442
40021443
40021445
40021448
40021451
40021452
40021455
40021456
40021460
40021465
40021469
40021472
40021473
40021474
40021476
40021477
40021481
40021482
40021484
40021496
40021497
40021501
40021507
40021509
40021517
40021520
40021523
40021524
40021525
40021526
40021527
40021536
40021537
40021539
40021542
40021543
40021548
40021552
40021553
40021556
40021558
40021561
40021562
40021563
40021568
40021572
40021576
40021577
40021580
40021583
40021584
40021585
40021587
40021593
40021595
40021601
40021607
40021610
40021612
40021615
40021620
40021622
40021627
40021630
40021642
40021657
40021662
40021666
40021667
40021668
40021671
40021673
40021682
40021684
40021693
40021694
40021695
40021696
40021705
40021706
40021707
40021712
40021713
40021714
40021716
40021722
40021723
40021725
40021728
40021738
40021739
40021743
40021745
40021748
40021749
40021753
40021756
40021760
40021767
40021771
40021772
40021773
40021774
40021778
40021786
40021790
40021792
40021794
40021796
40021799
40021801
40021802
40021803
40021804
40021809
40021810
40021819
40021821
40021826
40021828
40021830
40021832
40021833
40021840
40021842
40021843
40021844
40021849
40021851
40021858
40021861
40021864
40021865
40021867
40021871
40021873
40021876
40021879
40021880
40021881
40021882
40021885
40021889
40021892
40021897
40021900
40021904
40021906
40021913
40021914
40021915
40021917
40021923
40021924
40021930
40021931
40021935
40021936
40021942
40021943
40021945
40021951
40021961
40021962
40021967
40021970
40021977
40021979
40021981
40021984
40021985
40021990
40021997
40021999
40022001
40022011
40022017
40022019
40022027
40022030
40022031
40022034
40022038
40022040
40022041
40022046
40022049
40022050
40022051
40022053
40022055
40022062
40022070
40022071
40022074
40022081
40022082
40022083
40022084
40022088
40022089
40022090
40022091
40022092
40022094
40022097
40022102
40022108
40022110
40022111
40022112
40022115
40022116
40022120
40022121
40022124
40022130
40022135
40022139
40022141
40022143
40022147
40022149
40022153
40022156
40022157
40022158
40022159
40022173
40022175
40022176
40022181
40022182
40022186
40022190
40022191
40022193
40022194
40022196
40022197
40022198
40022202
40022204
40022207
40022208
40022210
40022214
40022221
40022222
40022227
40022230
40022231
40022236
40022243
40022248
40022249
40022254
40022255
40022259
40022262
40022264
40022265
40022266
40022269
40022273
40022275
40022276
40022277
40022279
40022282
40022288
40022291
40022294
40022295
40022296
40022297
40022301
40022302
40022303
40022304
40022306
40022307
40022309
40022314
40022318
40022322
40022323
40022324
40022325
40022329
40022330
40022332
40022333
40022337
40022338
40022342
40022345
40022348
40022351
40022352
40022354
40022355
40022359
40022360
40022364
40022365
40022370
40022373
40022374
40022375
40022383
40022385
40022386
40022387
40022393
40022395
40022401
40022407
40022408
40022414
40022418
40022419
40022420
40022421
40022425
40022426
40022428
40022431
40022434
40022441
40022442
40022444
40022447
40022451
40022456
40022457
40022458
40022464
40022467
40022472
40022473
40022476
40022482
40022483
40022485
40022488
40022489
40022490
40022504
40022505
40022506
40022507
40022508
40022513
40022525
40022534
40022543
40022545
40022547
40022548
40022556
40022560
40022565
40022567
40022568
40022569
40022572
40022574
40022575
40022576
40022587
40022589
40022591
40022596
40022599
40022601
40022605
40022606
40022611
40022629
40022633
40022634
40022636
40022637
40022638
40022642
40022645
40022648
40022649
40022650
40022652
40022658
40022659
40022664
40022669
40022670
40022675
40022681
40022682
40022686
40022690
40022691
40022692
40022693
40022696
40022697
40022703
40022707
40022710
40022711
40022713
40022715
40022717
40022721
40022724
40022725
40022731
40022738
40022741
40022747
40022751
40022752
40022754
40022755
40022758
40022760
40022763
40022765
40022768
40022772
40022779
40022780
40022783
40022784
40022789
40022791
40022793
40022800
40022801
40022807
40022811
40022813
40022819
40022820
40022824
40022826
40022829
40022832
40022835
40022837
40022845
40022851
40022855
40022860
40022862
40022867
40022869
40022873
40022878
40022885
40022886
40022887
40022889
40022893
40022895
40022897
40022899
40022905
40022907
40022909
40022911
40022915
40022918
40022919
40022920
40022922
40022923
40022928
40022929
40022931
40022932
40022933
40022935
40022938
40022939
40022940
40022941
40022942
40022943
40022944
40022945
40022949
40022951
40022952
40022957
40022959
40022963
40022965
40022967
40022969
40022970
40022972
40022980
40022981
40022983
40022984
40022986
40022987
40022989
40022999
40023000
40023001
40023003
40023004
40023007
40023011
40023015
40023016
40023021
40023023
40023024
40023026
40023028
40023038
40023044
40023045
40023048
40023050
40023053
40023054
40023057
40023063
40023066
40023067
40023068
40023070
40023071
40023079
40023081
40023082
40023085
40023089
40023091
40023094
40023096
40023098
40023099
40023101
40023102
40023103
40023106
40023112
40023115
40023121
40023122
40023124
40023125
40023127
40023128
40023129
40023131
40023135
40023141
40023147
40023153
40023154
40023158
40023159
40023160
40023163
40023164
40023169
40023171
40023177
40023183
40023187
40023191
40023195
40023199
40023204
40023209
40023213
40023214
40023219
40023223
40023230
40023232
40023236
40023240
40023247
40023251
40023253
40023254
40023264
40023270
40023271
40023272
40023279
40023288
40023297
40023299
40023302
40023308
40023309
40023310
40023312
40023316
40023318
40023321
40023327
40023331
40023334
40023339
40023340
40023343
40023349
40023352
40023354
40023356
40023358
40023360
40023363
40023364
40023365
40023366
40023370
40023375
40023377
40023382
40023399
40023418
40023425
40023428
40023432
40023436
40023437
40023438
40023448
40023454
40023462
40023463
40023468
40023476
40023487
40023489
40023493
40023505
40023537
40023538
40023540
40023541
40023549
40023552
40023557
40023559
40023569
40023571
40023581
40023582
40023587
40023588
40023593
40023596
40023605
40023613
40023622
40023626
40023650
40023656
40023659
40023666
40023681
40023742
40023763
40023794
40023809
40023824
40023865
40034519
40034558
40034570
40034576
40034583
40034584
40034586
40034594
40034602
40034607
40034608
40034609
40034612
40034615
40034617
40034618
40034620
40034622
40034633
40034634
40034642
40034643
40034652
40034657
40034661
40034662
40034663
40034671
40034677
40034678
40034682
40034683
40034694
40034699
40034702
40034704
40034708
40034709
40034711
40034712
40034715
40034720
40034723
40034724
40034726
40034729
40034732
40034734
40034743
40034744
40034749
40034751
40034753
40034755
40034758
40034761
40034776
40034781
40034782
40034786
40034787
40034794
40034795
40034796
40034797
40034799
40034801
40034805
40034806
40034810
40034811
40034812
40034826
40034827
40034828
40034833
40034834
40034835
40034839
40034850
40034851
40034855
40034857
40034863
40034864
40034870
40034876
40034879
40034881
40034888
40034891
40034892
40034894
40034897
40034898
40034900
40034902
40034904
40034905
40034912
40034915
40034919
40034920
40034925
40034929
40034933
40034934
40034942
40034943
40034944
40034946
40034948
40034952
40034956
40034960
40034961
40034968
40034981
40034982
40034984
40034985
40034990
40034992
40034994
40034998
40035007
40035008
40035014
40035015
40035021
40035024
40035028
40035029
40035037
40035038
40035047
40035048
40035051
40035055
40035058
40035059
40035062
40035065
40035071
40035073
40035076
40035081
40035093
40035102
40035106
40035107
40035109
40035117
40035119
40035125
40035128
40035130
40035132
40035133
40035143
40035146
40035147
40035148
40035151
40035155
40035156
40035157
40035161
40035166
40035167
40035168
40035169
40035181
40035187
40035196
40035197
40035200
40035204
40035205
40035214
40035219
40035227
40035231
40035233
40035236
40035240
40035242
40035243
40035247
40035251
40035258
40035260
40035267
40035273
40035274
40035279
40035280
40035285
40035286
40035299
40035304
40035307
40035310
40035312
40035316
40035319
40035321
40035322
40035327
40035330
40035333
40035335
40035340
40035341
40035344
40035350
40035354
40035358
40035360
40035362
40035367
40035371
40035372
40035373
40035376
40035383
40035387
40035390
40035393
40035397
40035398
40035401
40035403
40035405
40035414
40035417
40035419
40035420
40035422
40035423
40035424
40035425
40035429
40035434
40035435
40035438
40035441
40035447
40035453
40035456
40035458
40035461
40035465
40035473
40035478
40035479
40035488
40035489
40035492
40035507
40035511
40035512
40035513
40035514
40035515
40035521
40035522
40035524
40035525
40035528
40035530
40035536
40035537
40035545
40035546
40035548
40035549
40035550
40035552
40035553
40035556
40035557
40035558
40035559
40035561
40035563
40035564
40035566
40035569
40035571
40035576
40035577
40035580
40035581
40035582
40035588
40035589
40035593
40035594
40035598
40035599
40035602
40035606
40035609
40035610
40035615
40035623
40035627
40035629
40035635
40035644
40035647
40035653
40035656
40035661
40035665
40035672
40035675
40035694
40035703
40035728
40041722
40041736
40041753
40041754
40041759
40041782
40041797
40041807
40041809
40041828
40041836
40041837
40041841
40041846
40041848
40041851
40041864
40041866
40041868
40041869
40041885
40041891
40041894
40041895
40041903
40041905
40041906
40041914
40041915
40041919
40041926
40041928
40041933
40041934
40041942
40041944
40041953
40041957
40041962
40041965
40041967
40041971
40041974
40041977
40041984
40041985
40041988
40041990
40041993
40042005
40042006
40042008
40042011
40042015
40042025
40042028
40042029
40042039
40042041
40042044
40042049
40042053
40042056
40042060
40042063
40042073
40042076
40042078
40042083
40042085
40042087
40042089
40042090
40042093
40042098
40042100
40042101
40042103
40042105
40042109
40042112
40042115
40042116
40042118
40042124
40042127
40042129
40042130
40042132
40042134
40042136
40042142
40042143
40042148
40042173
40042177
40042181
40042182
40042183
40042185
40042186
40042187
40042193
40042194
40042204
40042208
40042210
40042212
40042213
40042215
40042216
40042222
40042225
40042229
40042232
40042235
40042242
40042243
40042245
40042248
40042257
40042258
40042263
40042265
40042267
40042269
40042273
40042274
40042276
40042279
40042280
40042291
40042297
40042298
40042301
40042308
40042309
40042310
40042315
40042316
40042318
40042320
40042325
40042326
40042327
40042329
40042340
40042344
40042346
40042351
40042358
40042368
40042371
40042373
40042377
40042382
40042386
40042392
40042396
40042397
40042398
40042401
40042402
40042405
40042407
40042409
40042413
40042415
40042418
40042427
40042430
40042432
40042440
40042442
40042446
40042461
40042465
40042466
40042468
40042473
40042474
40042482
40042485
40042489
40042494
40042496
40042498
40042513
40042522
40042528
40042530
40042531
40042541
40042550
40042552
40042555
40042563
40042565
40042569
40042572
40042583
40042585
40042591
40042592
40042599
40042600
40042603
40042608
40042620
40042622
40042623
40042626
40042631
40042633
40042635
40042647
40042648
40042650
40042651
40042660
40042661
40042665
40042669
40042673
40042681
40042709
40066737
40066750
40066820
40066822
40066863
40066872
40066873
40066876
40066928
40066935
40066955
40066962
40066966
40066967
40066987
40067007
40067024
40067025
40067026
40067043
40067067
40067096
40067103
40067108
40067109
40067130
40067131
40067138
40067146
40067148
40067153
40067160
40067163
40067166
40067184
40067185
40067187
40067190
40067191
40067202
40067205
40067212
40067214
40067215
40067219
40067220
40067224
40067227
40067230
40067246
40067250
40067252
40067254
40067271
40067272
40067276
40067280
40067285
40067292
40067293
40067297
40067300
40067302
40067305
40067310
40067311
40067324
40067329
40067330
40067331
40067338
40067347
40067352
40067356
40067369
40067372
40067373
40067383
40067385
40067386
40067387
40067395
40067396
40067402
40067403
40067408
40067409
40067413
40067414
40067416
40067437
40067438
40067439
40067441
40067455
40067458
40067464
40067465
40067466
40067470
40067472
40067473
40067474
40067478
40067485
40067487
40067489
40067493
40067495
40067501
40067504
40067508
40067511
40067512
40067515
40067518
40067536
40067538
40067540
40067542
40067543
40067544
40067545
40067552
40067557
40067563
40067564
40067565
40067566
40067570
40067577
40067580
40067582
40067583
40067586
40067590
40067596
40067597
40067598
40067600
40067601
40067604
40067605
40067608
40067609
40067610
40067613
40067620
40067621
40067622
40067625
40067627
40067629
40067633
40067635
40067639
40067645
40067650
40067651
40067654
40067662
40067663
40067664
40067669
40067671
40067675
40067676
40067679
40067680
40067684
40067687
40067691
40067695
40067698
40067699
40067701
40067706
40067714
40067717
40067724
40067725
40067728
40067731
40067734
40067740
40067742
40067743
40067745
40067751
40067752
40067756
40067760
40067768
40067769
40067784
40067785
40067786
40067791
40067795
40067796
40067800
40067804
40067805
40067811
40067819
40067821
40067822
40067825
40067827
40067841
40067842
40067843
40067844
40067845
40067852
40067853
40067854
40067855
40067856
40067870
40067875
40067881
40067886
40067888
40067889
40067890
40067894
40067899
40067903
40067912
40067913
40067914
40067915
40067920
40067921
40067925
40067926
40067929
40067930
40067931
40067934
40067937
40067943
40067944
40067948
40067956
40067957
40067959
40067964
40067965
40067967
40067968
40067969
40067970
40067971
40067975
40067979
40067983
40067984
40067988
40067993
40067995
40067997
40067998
40067999
40068002
40068006
40068008
40068012
40068017
40068024
40068032
40068036
40068039
40068053
40068054
40068068
40068070
40068076
40068080
40068082
40068087
40068088
40068091
40068093
40068099
40068100
40068101
40068102
40068103
40068104
40068113
40068121
40068124
40068126
40068128
40068129
40068130
40068137
40068139
40068145
40068146
40068147
40068148
40068155
40068156
40068157
40068160
40068161
40068162
40068165
40068168
40068169
40068171
40068172
40068173
40068179
40068182
40068184
40068185
40068188
40068190
40068191
40068197
40068202
40068208
40068210
40068213
40068214
40068216
40068218
40068219
40068220
40068223
40068224
40068226
40068228
40068231
40068234
40068236
40068237
40068238
40068242
40068247
40068250
40068251
40068253
40068268
40068276
40068280
40068284
40068290
40068291
40068297
40068298
40068302
40068304
40068305
40068310
40068311
40068315
40068316
40068320
40068321
40068322
40068327
40068331
40068334
40068337
40068338
40068357
40068361
40068363
40068365
40068368
40068369
40068372
40068373
40068376
40068377
40068392
40068395
40068397
40068398
40068399
40068400
40068401
40068406
40068408
40068410
40068415
40068416
40068420
40068421
40068427
40068428
40068431
40068432
40068434
40068436
40068437
40068456
40068465
40068466
40068469
40068473
40068477
40068480
40068481
40068489
40068490
40068491
40068492
40068496
40068498
40068499
40068500
40068504
40068505
40068506
40068509
40068514
40068517
40068523
40068524
40068526
40068527
40068534
40068538
40068542
40068550
40068551
40068556
40068560
40068564
40068566
40068569
40068577
40068578
40068580
40068584
40068585
40068586
40068590
40068593
40068594
40068595
40068598
40068607
40068612
40068613
40068616
40068620
40068621
40068622
40068624
40068633
40068635
40068639
40068640
40068648
40068652
40068657
40068658
40068662
40068664
40068669
40068672
40068673
40068676
40068678
40068679
40068683
40068684
40068685
40068691
40068696
40068700
40068710
40068716
40068718
40068730
40068731
40068736
40068737
40068740
40068742
40068743
40068750
40068752
40068758
40068765
40068766
40068770
40068772
40068775
40068777
40068778
40068779
40068780
40068790
40068791
40068800
40068801
40068802
40068812
40068813
40068824
40068825
40068826
40068827
40068832
40068833
40068834
40068842
40068852
40068853
40068859
40068860
40068865
40068876
40068882
40068883
40068885
40068889
40068893
40068896
40068900
40068901
40068909
40068911
40068914
40068915
40068919
40068920
40068921
40068922
40068924
40068925
40068928
40068929
40068943
40068945
40068949
40068950
40068951
40068952
40068955
40068961
40068963
40068964
40068965
40068966
40068967
40068969
40068974
40068975
40068978
40068979
40068980
40068984
40068986
40068988
40068989
40068990
40068991
40068992
40068993
40068994
40068997
40068998
40068999
40069006
40069008
40069009
40069010
40069020
40069032
40069034
40069035
40069046
40069047
40069048
40069051
40069053
40069054
40069056
40069062
40069064
40069065
40069068
40069074
40069078
40069084
40069094
40069095
40069096
40069101
40069106
40069107
40069109
40069116
40069119
40069125
40069126
40069136
40069140
40069143
40069150
40069157
40069158
40069159
40069177
40069180
40069182
40069183
40069185
40069187
40069194
40069195
40069199
40069200
40069206
40069207
40069208
40069214
40069216
40069217
40069218
40069220
40069221
40069222
40069225
40069226
40069232
40069238
40069241
40069245
40069246
40069247
40069249
40069258
40069261
40069265
40069267
40069271
40069272
40069274
40069280
40069281
40069284
40069286
40069290
40069291
40069294
40069295
40069296
40069298
40069304
40069305
40069310
40069311
40069312
40069316
40069317
40069322
40069323
40069324
40069325
40069326
40069330
40069333
40069340
40069341
40069345
40069351
40069352
40069354
40069366
40069368
40069370
40069371
40069376
40069381
40069387
40069388
40069389
40069390
40069392
40069396
40069397
40069398
40069399
40069405
40069406
40069407
40069408
40069414
40069416
40069420
40069421
40069423
40069427
40069430
40069435
40069440
40069445
40069446
40069447
40069449
40069450
40069451
40069452
40069453
40069454
40069459
40069465
40069466
40069469
40069470
40069479
40069481
40069482
40069484
40069486
40069488
40069493
40069501
40069508
40069511
40069516
40069517
40069519
40069526
40069527
40069528
40069531
40069538
40069543
40069548
40069549
40069551
40069559
40069561
40069565
40069566
40069568
40069572
40069573
40069582
40069583
40069586
40069590
40069596
40069599
40069601
40069603
40069606
40069607
40069608
40069611
40069615
40069621
40069622
40069623
40069624
40069626
40069631
40069632
40069636
40069638
40069642
40069645
40069648
40069650
40069651
40069653
40069658
40069659
40069665
40069668
40069669
40069674
40069676
40069679
40069683
40069689
40069690
40069691
40069692
40069698
40069699
40069710
40069714
40069724
40069728
40069729
40069730
40069731
40069738
40069740
40069742
40069744
40069749
40069750
40069753
40069755
40069758
40069760
40069764
40069765
40069766
40069775
40069779
40069783
40069789
40069791
40069804
40069809
40069813
40069821
40069822
40069830
40069831
40069835
40069841
40069842
40069852
40069856
40069857
40069863
40069866
40069871
40069875
40069894
40069901
40069902
40069911
40069913
40069914
40069921
40069927
40069929
40069930
40069932
40069937
40069939
40069940
40069943
40069946
40069949
40069951
40069952
40069954
40069955
40069966
40069977
40069979
40069981
40069982
40069984
40069990
40069992
40070005
40070006
40070007
40070009
40070011
40070012
40070013
40070017
40070020
40070021
40070027
40070042
40070044
40070048
40070059
40070060
40070062
40070072
40070073
40070082
40070084
40070085
40070091
40070097
40070098
40070103
40070105
40070110
40070112
40070113
40070116
40070117
40070118
40070121
40070126
40070128
40070130
40070133
40070139
40070145
40070150
40070153
40070156
40070160
40070167
40070170
40070184
40070187
40070191
40070194
40070197
40070198
40070200
40070201
40070203
40070211
40070212
40070214
40070219
40070223
40070230
40070231
40070233
40070235
40070238
40070239
40070241
40070242
40070263
40070264
40070265
40070266
40070267
40070269
40070272
40070273
40070274
40070275
40070281
40070282
40070284
40070291
40070293
40070294
40070304
40070311
40070312
40070313
40070318
40070319
40070322
40070326
40070329
40070333
40070334
40070337
40070338
40070342
40070347
40070355
40070356
40070357
40070359
40070362
40070363
40070366
40070367
40070369
40070371
40070374
40070375
40070377
40070382
40070389
40070390
40070392
40070396
40070397
40070402
40070404
40070407
40070411
40070414
40070415
40070418
40070419
40070420
40070422
40070423
40070425
40070430
40070434
40070439
40070440
40070441
40070444
40070447
40070450
40070456
40070458
40070460
40070461
40070462
40070463
40070464
40070467
40070473
40070475
40070483
40070484
40070487
40070494
40070511
40070514
40070515
40070516
40070520
40070523
40070524
40070526
40070529
40070530
40070531
40070535
40070538
40070542
40070547
40070549
40070551
40070553
40070554
40070561
40070570
40070571
40070572
40070573
40070576
40070577
40070590
40070591
40070592
40070593
40070599
40070608
40070613
40070618
40070629
40070634
40070635
40070636
40070639
40070645
40070652
40070659
40070665
40070666
40070667
40070670
40070672
40070673
40070675
40070678
40070679
40070682
40070687
40070691
40070692
40070698
40070700
40070716
40070720
40070722
40070731
40070733
40070735
40070738
40070740
40070750
40070752
40070757
40070758
40070762
40070764
40070778
40070784
40070785
40070794
40070796
40070797
40070799
40070801
40070803
40070806
40070808
40070813
40070818
40070825
40070834
40070836
40070842
40070848
40070850
40070851
40070852
40070857
40070859
40070864
40070867
40070874
40070875
40070876
40070877
40070878
40070881
40070888
40070891
40070893
40070907
40070908
40070911
40070915
40070919
40070922
40070923
40070927
40070931
40070932
40070939
40070940
40070941
40070944
40070945
40070948
40070951
40070955
40070958
40070960
40070966
40070971
40070972
40070973
40070974
40070980
40070983
40070984
40070998
40070999
40071004
40071008
40071009
40071011
40071012
40071013
40071014
40071016
40071019
40071020
40071022
40071025
40071027
40071030
40071031
40071032
40071036
40071038
40071041
40071046
40071050
40071052
40071053
40071057
40071058
40071061
40071062
40071063
40071064
40071071
40071072
40071074
40071077
40071079
40071083
40071085
40071086
40071088
40071091
40071092
40071098
40071099
40071106
40071107
40071108
40071109
40071110
40071114
40071118
40071119
40071122
40071124
40071126
40071129
40071130
40071132
40071137
40071138
40071145
40071147
40071148
40071153
40071154
40071156
40071157
40071159
40071160
40071162
40071163
40071164
40071166
40071169
40071182
40071185
40071188
40071191
40071192
40071195
40071196
40071201
40071209
40071212
40071219
40071226
40071231
40071232
40071236
40071239
40071247
40071254
40071256
40071257
40071262
40071263
40071267
40071268
40071269
40071276
40071277
40071286
40071294
40071295
40071296
40071297
40071298
40071301
40071307
40071310
40071316
40071318
40071321
40071327
40071328
40071330
40071331
40071332
40071333
40071335
40071337
40071339
40071344
40071346
40071348
40071349
40071351
40071353
40071357
40071359
40071365
40071367
40071370
40071373
40071384
40071393
40071399
40071403
40071408
40071412
40071414
40071416
40071419
40071420
40071422
40071423
40071425
40071431
40071436
40071437
40071439
40071448
40071454
40071455
40071463
40071464
40071466
40071468
40071470
40071471
40071477
40071478
40071482
40071486
40071487
40071488
40071494
40071498
40071500
40071505
40071508
40071509
40071510
40071512
40071515
40071516
40071517
40071519
40071526
40071527
40071528
40071529
40071531
40071532
40071533
40071536
40071537
40071548
40071549
40071550
40071552
40071556
40071575
40071577
40071580
40071584
40071585
40071591
40071595
40071598
40071599
40071602
40071605
40071606
40071607
40071608
40071609
40071611
40071618
40071624
40071626
40071632
40071636
40071639
40071644
40071645
40071646
40071650
40071651
40071655
40071657
40071660
40071665
40071676
40071687
40071688
40071695
40071698
40071699
40071700
40071705
40071707
40071712
40071715
40071720
40071724
40071726
40071729
40071734
40071741
40071742
40071753
40071757
40071758
40071760
40071763
40071765
40071773
40071776
40071785
40071788
40071791
40071792
40071798
40071799
40071804
40071805
40071807
40071809
40071810
40071813
40071819
40071822
40071823
40071832
40071834
40071847
40071848
40071868
40071873
40071875
40071879
40071880
40071884
40071891
40071902
40071909
40071912
40071913
40071920
40071923
40071926
40071938
40071942
40071955
40071960
40071966
40071967
40071972
40071986
40071993
40071995
40071996
40072002
40072019
40072022
40072025
40072030
40072031
40072048
40072087
40072092
40072104
40072105
40072123
40072129
40072138
40072139
40072150
40072151
40072182
40072199
40072203
40072216
40072226
40072245
40072255
40072256
40072259
40072261
40072270
40072272
40072275
40072294
40072300
40072309
40072314
40072331
40072340
40072342
40072349
40072358
40072368
40072402
40072420
40072422
40072447
40072493
40085461
40085496
40085497
40085505
40085507
40085509
40085514
40085515
40085532
40085549
40085554
40085555
40085559
40085562
40085589
40085591
40085594
40085595
40085608
40085618
40085628
40085631
40085634
40085672
40085674
40085677
40085687
40085694
40085697
40085703
40085711
40085712
40085719
40085722
40085724
40085727
40085730
40085739
40085743
40085744
40085747
40085749
40085752
40085753
40085761
40085764
40085778
40085787
40085791
40085812
40085815
40085820
40085821
40085822
40085830
40085835
40085841
40085846
40085851
40085861
40085864
40085876
40085880
40085909
40085918
40085921
40085922
40085923
40085929
40085940
40085942
40085957
40085964
40085966
40085973
40085976
40085982
40085983
40085999
40086000
40086021
40086028
40086031
40086034
40086037
40086038
40086047
40086060
40086075
40086077
40086082
40086083
40086087
40086094
40086095
40086097
40086101
40086107
40086130
40086140
40086148
40086150
40086156
40086163
40086168
40086170
40086197
40086201
40086225
40086232
40086237
40086243
40086250
40086255
40086278
40086279
40086280
40086291
40086295
40086301
40086303
40086321
40086327
40086330
40086334
40086340
40086345
40086348
40086362
40086367
40086375
40086376
40086381
40086382
40086383
40086385
40086393
40086398
40086399
40086401
40086405
40086409
40086414
40086417
40086418
40086421
40086426
40086430
40086438
40086454
40086462
40086470
40086472
40086488
40086492
40086496
40086501
40086502
40086508
40086513
40086515
40086517
40086519
40086528
40086536
40086537
40086547
40086548
40086549
40086550
40086555
40086557
40086565
40086569
40086574
40086585
40086590
40086597
40086606
40086609
40086618
40086620
40086628
40086639
40086659
40086661
40086665
40086667
40086670
40086694
40086700
40086711
40086732
40086734
40086741
40086743
40086762
40086773
40092655
40092658
40092683
40092692
40092704
40092709
40092714
40092721
40092726
40092727
40092728
40092731
40092733
40092759
40092760
40092765
40092770
40092772
40092776
40092778
40092780
40092784
40092786
40092787
40092790
40092793
40092795
40092805
40092808
40092813
40092815
40092821
40092829
40092830
40092835
40092847
40092849
40092852
40092856
40092860
40092861
40092862
40092874
40092879
40092881
40092890
40092897
40092900
40092907
40092908
40092909
40092917
40092920
40092928
40092930
40092936
40092940
40092941
40092945
40092946
40092953
40092957
40092962
40092968
40092978
40092982
40092988
40092993
40092995
40093007
40093025
40093027
40093043
40093048
40093053
40093059
40093065
40093077
40093078
40093082
40093084
40093085
40093088
40093095
40093096
40093109
40093110
40093119
40093122
40093132
40093137
40093147
40093148
40093153
40093160
40093161
40093170
40093172
40093183
40093187
40093191
40093195
40093196
40093207
40093234
40093235
40093236
40093240
40093241
40093243
40093244
40093245
40093246
40093248
40093252
40093254
40093255
40093259
40093267
40093279
40093287
40093308
40093310
40093326
40093343
40093344
40093367
40098580
40098586
40098597
40098604
40098644
40098645
40098647
40098651
40098658
40098661
40098666
40098668
40098670
40098673
40098683
40098684
40098686
40098688
40098690
40098694
40098698
40098701
40098705
40098709
40098730
40098735
40098738
40098739
40098742
40098748
40098755
40098756
40098759
40098771
40098778
40098780
40098784
40098787
40098790
40098795
40098800
40098801
40098805
40098806
40098807
40098813
40098818
40098819
40098821
40098828
40098836
40098842
40098846
40098850
40098857
40098858
40098865
40098872
40098876
40098883
40098908
40098932
40098937
40098942
40098944
40098956
40098962
40098986
40098992
40098995
40099001
40099009
40099013
40099015
40099018
40099023
40099025
40099026
40099030
40099031
40099050
40099051
40099057
40099062
40099073
40099086
40099089
40099093
40099097
40099102
40099109
40099113
40099119
40099121
40099129
40099138
40099143
40099150
40099155
40099166
40099168
40099174
40099179
40099180
40099182
40099183
40099184
40099188
40099190
40099191
40099198
40099217
40099218
40099223
40099228
40099233
40099262
40099273
40099300
40103109
40103140
40103151
40103154
40103162
40103174
40103184
40103185
40103188
40103201
40103206
40103226
40103227
40103229
40103253
40103254
40103260
40103278
40103285
40103303
40103321
40103357
40103365
40103366
40103396
40103398
40103400
40103417
40103431
40103446
40103454
40103478
40107070
40107097
40107112
40107120
40107124
40107145
40107153
40107154
40107176
40107177
40107178
40107183
40107199
40107202
40107203
40107204
40107205
40107206
40107210
40107218
40107227
40107232
40107237
40107241
40107243
40107263
40107269
40107275
40107282
40107290
40107295
40107308
40107311
40107319
40107328
40107333
40107336
40107340
40107346
40107348
40107349
40107355
40107363
40107367
40107373
40107375
40107403
40107405
40107411
40107415
40107416
40107426
40107444
40107446
40107453
40110605
40110607
40110613
40110619
40110622
40110627
40110632
40110634
40110635
40110647
40110663
40110665
40110669
40110681
40110683
40110685
40110692
40110699
40110713
40110727
40110744
40110754
40110758
40110768
40110774
40110783
40110802
40110805
40110813
40110817
40110829
40110833
40110835
40110836
40110841
40110861
40110864
40110866
40110870
40110891
40110893
40110902
40113768
40113797
40113799
40113801
40113820
40113822
40113825
40113828
40113840
40113850
40113851
40113867
40113871
40113878
40113895
40113897
40113910
40113919
40113924
40113931
40113932
40113939
40113940
40113944
40113950
40113953
40113996
40114006
40114016
40114017
40114029
40114032
40114045
40118934
40118942
40118956
40118986
40119002
40119085
40119101
40119126
40119167
40119222
40119240
40119255
40119258
40119278
40122635
40122651
40122665
40122674
40122684
40122690
40122696
40122710
40122718
40122790
40122807
40122843
40125656
40125672
40125689
40125709
40125749
40125800
40125845
40128915
40128923
40128924
40128927
40128948
40128966
40128970
40128974
40129000
40129007
40129019
40129023
40129026
40129027
40129032
40129033
40129038
40129054
40129055
40129059
40129074
40129079
40129090
40129093
40129104
40129139
40132051
40132057
40132079
40132105
40132156
40132173
40132175
40132192
40134861
40134915
40134917
40134955
40134989
40134993
40135043
40137494
40137561
40137574
40137575
40137588
40137590
40137608
40137621
40137631
40137649
40137650
40137651
40137660
40137663
40137677
40139851
40139853
40139879
40139881
40139925
40139927
40139928
40139948
40139951
40139955
40139963
40139972
40139980
40139987
40142335
40142345
40142377
40142392
40142412
40142458
40142525
40142538
40144950
40144960
40144967
40144980
40144998
40145006
40145021
40147629
40147641
40147649
40147661
40147662
40147664
40147666
40147672
40147699
40147700
40147710
40147714
40147715
40147731
40147732
40147737
40147756
40147783
40147799
40147808
40147821
40147831
40147836
40147837
40150066
40150112
40150141
40152600
40152607
40152614
40152626
40152660
40152702
40152716
40152727
40152738
40152772
40156429
40158795
40158807
40158816
40160438
40160849
40160871
40160967
40164851
40164911
40164920
40164921
40164924
40164934
40164936
40164943
40164944
40164947
40164952
40164953
40164957
40164961
40164971
40164978
40164984
40164991
40164993
40164998
40165001
40165007
40165008
40165027
40165030
40165050
40165063
40165067
40165083
40165108
40165129
40165145
40165167
40165168
40165176
40165196
40165200
40165202
40165208
40165216
40165244
40165255
40165258
40165259
40165265
40165275
40165277
40165285
40165286
40165289
40165302
40165328
40165340
40165356
40165360
40165368
40165379
40165383
40165420
40165435
40165444
40165447
40165460
40165469
40165473
40165480
40165483
40165486
40165491
40165497
40165498
40165519
40165536
40165550
40170445
40170481
40170487
40170489
40170490
40170494
40170500
40170501
40170508
40170509
40170523
40170542
40170564
40170574
40170576
40170584
40170589
40170597
40170606
40170613
40170626
40170667
40170680
40170683
40170690
40170706
40170726
40170747
40170790
40170805
40170808
40170811
40170825
40170840
40170846
40170847
40170857
40170868
40170870
40170878
40170885
40170901
40170905
40170919
40170928
40170934
40174847
40174895
40174898
40174916
40174920
40174932
40174945
40174977
40174980
40174981
40174991
40174996
40174998
40174999
40175008
40175016
40175018
40175021
40175031
40175035
40175071
40175077
40175084
40175093
40175110
40175111
40175131
40175143
40175146
40175154
40175192
40175211
40175222
40175228
40175233
40175239
40175242
40175270
40175293
40175297
40175312
40175345
40178568
40178589
40178592
40178600
40178604
40178612
40178625
40178626
40178668
40178676
40178677
40178700
40178704
40178707
40178716
40178721
40178733
40178764
40178778
40178785
40178786
40178802
40178817
40178886
40181754
40181756
40181757
40181828
40181843
40181866
40181877
40181894
40181895
40181905
40181924
40182009
40182026
40182035
40182047
40182066
40182080
40182095
40182098
40182104
40184856
40184864
40184872
40184886
40184894
40184907
40184928
40184944
40184948
40184949
40184982
40184998
40185002
40185004
40185006
40185029
40185046
40185049
40185070
40185094
40185098
40185109
40185113
40185117
40185158
40185163
40185171
40185190
40185194
40185213
40185219
40185223
40185233
40185246
40188055
40188060
40188099
40188104
40188118
40188144
40188167
40188173
40188204
40188224
40188226
40188233
40188242
40188244
40188265
40188266
40188280
40188292
40188305
40188310
40188356
40191159
40191166
40191170
40191178
40191199
40191214
40191215
40191216
40191217
40191242
40191255
40191263
40191294
40191316
40191364
40191384
40191388
40191401
40191414
40191425
40194187
40194190
40194196
40194207
40194211
40194222
40194223
40194238
40194247
40194270
40194306
40194336
40194338
40194425
40194448
40194451
40194455
40194459
40194472
40194474
40194479
40197388
40197454
40197457
40197477
40197480
40197487
40197493
40197496
40197517
40197527
40197531
40197538
40197544
40197571
40197573
40197617
40197630
40197640
40197678
40197693
40197696
40197724
40200132
40200184
40200204
40200208
40200219
40200221
40200224
40200248
40200258
40200266
40200271
40200311
40200359
40200400
40200404
40200433
40202793
40202807
40202840
40202845
40202849
40202886
40202891
40202894
40202908
40202918
40202923
40202926
40202939
40202964
40202988
40203010
40203018
40203034
40203043
40205724
40205738
40205784
40205800
40205821
40205825
40205841
40205847
40205859
40205862
40205885
40205886
40205914
40205948
40205950
40205951
40205967
40205969
40205972
40205975
40206024
40206051
40206077
40206108
40206166
40208995
40209014
40209061
40209083
40209139
40209188
40209190
40209204
40209211
40209217
40209236
40209260
40211638
40211696
40211722
40211733
40211735
40211764
40211778
40211783
40211787
40211825
40211826
40211846
40211881
40211892
40211893
40211949
40214168
40214232
40214274
40214275
40214291
40214293
40214320
40214324
40214337
40214406
40214435
40216670
40216700
40216728
40216756
40216782
40216793
40216794
40216843
40216883
40216923
40216932
40218910
40218915
40218961
40218978
40222213
40222215
40222285
40222308
40222317
40222324
40222348
40222373
40222383
40222385
40222386
40222388
40222415
40222419
40222444
40222461
40222552
40222570
40222597
40222601
40222603
40222605
40222632
40222634
40222646
40222700
40222720
40222725
40225596
40225617
40225625
40225650
40225653
40225666
40225711
40225714
40225752
40225778
40225785
40225797
40225834
40225865
40225878
40225879
40225947
40225948
40225955
40225963
40228451
40228475
40228530
40228537
40228539
40228541
40228545
40228600
40228601
40228603
40228623
40228642
40231332
40231380
40231381
40231408
40231420
40231461
40231482
40231491
40231501
40231529
40231578
40231593
40231626
40231650
40231710
40231746
40234358
40234359
40234401
40234417
40234491
40234499
40234558
40234578
40234580
40234634
40234638
40234644
40234659
40234666
40234717
40237461
40237465
40237471
40237478
40237497
40237520
40237639
40237654
40237656
40237674
40237678
40237679
40237681
40237728
40237731
40240216
40240239
40240273
40240279
40240309
40240348
40240377
40240379
40240390
40240409
40240468
40240474
40240476
40240525
40240537
40242758
40242797
40242809
40242869
40242902
40242954
40242955
40242989
40242990
40242991
40243001
40243076
40244947
40245056
40245134
40245138
40245170
40247067
40247083
40247092
40247103
40247120
40247127
40247160
40247162
40247176
40247207
40247242
40247255
40247262
40247282
40247337
40249486
40249542
40249570
40249598
40249638
40249666
40249700
40249706
40249719
40251962
40251967
40252021
40252039
40252049
40252089
40252105
40252141
40252148
40252216
40254162
40254169
40254172
40254175
40254187
40254198
40254200
40254213
40254307
40254371
40256648
40256672
40256739
40256746
40256758
40256794
40256860
40256863
40256873
40256888
40256896
40256903
40258824
40258927
40258982
40259036
40261057
40261097
40261154
40261156
40261162
40261166
40261170
40261202
40261221
40261243
40261245
40261249
40261373
40263543
40263602
40263618
40263620
40263624
40263690
40263696
40263706
40263710
40263731
40263744
40263755
40263758
40265705
40265757
40265803
40265839
40265854
40265872
40265899
40265900
40265903
40265932
40267995
40268090
40268103
40268111
40270517
40270550
40270553
40270565
40270574
40270638
40270698
40270779
40270781
40270812
40270827
40270859
40273253
40273256
40273270
40273318
40273403
40273429
40273475
40273489
40273520
40273533
40276007
40276016
40276214
40276236
40276250
40278687
40278803
40278815
40278983
40281690
40281763
40281780
40281890
40281986
40282029
40282034
40282056
40282065
40284407
40284434
40284440
40284486
40291689
40291700
40291779
40291802
40291850
40291908
40291982
40292056
40292102
40292138
40292204
40292239
40292356
40292422
40292463
40292486
40292569
40292650
40292734
40292788
40292812
40292857
40292873
40292898
40292993
40293043
40293241
40303470
40303490
40303500
40303508
40303511
40303623
40303858
40303981
40304078
40304352
40304473
40304916
40305260
40305477
40311311
40316128
40316157
40316487
40320338
40320391
40320555
40320561
40320666
40320701
40320713
40320765
40324337
40324376
40324452
40324716
40328176
40328603
40328641
40332063
40332529
40336474
40336600
40336612
40336751
40336754
40336825
40336939
40337000
40340904
40340908
40341506
40344811
40345304
40349234
40349370
40349758
40353330
40353468
40353594
40356259
40356276
40356355
40356416
40356458
40356553
40358709
40358720
40358756
40358876
40361180
40363559
40363700
40365631
40365649
40365651
40365655
40365691
40365738
40367663
40367688
40367703
40367727
40367757
40367759
40367784
40367798
40369662
40369731
40371481
40371507
40371526
40371572
40371573
40371581
40371583
40371585
40371592
40371606
40371625
40373421
40373467
40373483
40373500
40373520
40373532
40373573
40375269
40375307
40375314
40375326
40375340
40375358
40375359
40377167
40377170
40377185
40377197
40377281
40378991
40379008
40379075
40379103
40379125
40380862
40380870
40380915
40380967
40380969
40391714
40396879
40396933
40403349
40403753
40403916
40407792
40407984
40415179
40415266
40420608
40424979
40425371
40431002
40444699
40447050
40447142
40450905
40450948
40450968
40456265
40456266
40460547
40460580
40462643
40464655
40464711
40466585
40469520
40483740
40487542
40487618
40489778
40489866
40489978
40492119
40518031
40518061
40522095
40522229
40525250
40525419
40525463
40528181
40528278
40531397
40531508
40531539
40537862
40537938
40543643
40545912
40545952
40548052
40548101
40548104
40548167
40548179
40554758
40554815
40554843
40554882
40554896
40554903
40556884
40624652
40626571
40626644
40626648
40626723
40629395
40629461
40629527
40631230
40632695
40634960
40635065
40639170
40645599
40661200
42183268
42267066
42554973
42554994
42556267
42559585
42596464
42615296
42617542
42636557
42639347
42659183
42659740
42659830
42659904
42684992
42712295
42716329
42716911
42722200
42722253
42722266
42722293
42728459
42731850
42745103
42752183
42753372
42753448
42758739
42765525
42765631
42773023
42774192
42784206
42785621
42786643
42787994
42791534
42793486
42806028
42807194
42808045
42809612
42817872
42819488
42827593
42827641
42828713
42828800
42829889
42830827
42831832
42831849
42831914
42831920
42831926
42832881
42832989
42834098
42834112
43291626
43291638
43294367
43295168
43295188
43295208
43296596
43296609
43296639
43296642
43296698
43301571
43301600
43306978
43309389
43316178
43319125
43320139
43324570
43324580
43329165
43344887
43344895
43348277
43348352
43351667
43358341
43360907
43363945
43378306
43407511
43411805
43423645
43429841
43430467
43431912
43432674
43437476
43439640
43439658
43439774
43439801
43439851
50000005
50000181
50000183
50000187
50000189
50000191
50000192
50000193
50000196
50000197
50000198
50000205
50000672
50000681
50000690
50000824
50000854
50000966
50000976
50000985
50001053
50001060
50001062
50001063
50004109
50004170
50004199
50004200
50004201
50004205
50004728
50004775
50004778
50005003
50005004
50005966
50005970
50005972
50005976
50005996
50006200
50006203
50006207
50006210
50006211
50006213
50006227
50006232
50006242
50006244
50006249
50006251
50006252
50006254
50006255
50006261
50006266
50006269
50006271
50006274
50006276
50006280
50006281
50006284
50006286
50006287
50006289
50006291
50006292
50006294
50006296
50006297
50006298
50006299
50006301
50006303
50006307
50006309
50006313
50006314
50006321
50006325
50006326
50006327
50006328
50006334
50006336
50006338
50006339
50006340
50006341
50006343
50006345
50006349
50006354
50006358
50006359
50006360
50006364
50006369
50006374
50006381
50006384
50006387
50006388
50006391
50006397
50006398
50006399
50006406
50006408
50006411
50006412
50006420
50006423
50006424
50006427
50006434
50006436
50006437
50006438
50006440
50006442
50006453
50010659
50010680
50010685
50010697
50010698
50010726
50010736
50010746
50010757
50010762
50010764
50010767
50010774
50010782
50010789
50010795
50010805
50010807
50010819
50010832
50010844
50011568
50011570
50012309
50012312
50012315
50012320
50012337
50012339
50012348
50012352
50012354
50012356
50012357
50012365
50012370
50012371
50012379
50012389
50012391
50012393
50012395
50012587
50012589
50012590
50012591
50012592
50012598
50012599
50013056
50013057
50013059
50013061
50013062
50013063
50013064
50013065
50013066
50013067
50013068
50013070
50013143
50013144
50013145
50013147
50013148
50013149
50013329
50013330
50013331
50013332
50013333
50013334
50013335
50013336
50013337
50032099
50032108
50032179
50032204
50032280
50032909
50032912
50033608
50033626
50037380
50037381
50037383
50037386
50037392
50037393
50037402
50037405
50037407
50037409
50037422
50037427
50037430
50037431
50037432
50037442
50037449
50037455
50037457
50037458
50037459
50037460
50037463
50037464
50037465
50037466
50037472
50037476
50043502
50043697
50043779
50043969
50044045
50044068
50045202
50045208
50045259
50045263
50045272
50045324
50045326
50045344
50053949
50053966
50054000
50054011
50054041
50055989
50055991
50056149
50056150
50057337
50057338
50057349
50057562
50064627
50064630
50064634
50064639
50064642
50064643
50064645
50064646
50064647
50064650
50064651
50064657
50064658
50064659
50064661
50064666
50064671
50064675
50064676
50064677
50064678
50064683
50064686
50064692
50064694
50064699
50064702
50064703
50064704
50064706
50064709
50064711
50064713
50064730
50064735
50064737
50064741
50064748
50064751
50064752
50064753
50064755
50064756
50064757
50064760
50064762
50064763
50064764
50064767
50064768
50064773
50064774
50064775
50064791
50064794
50064798
50064801
50064806
50064809
50064811
50064812
50064816
50064818
50064822
50064824
50064827
50064832
50064834
50064842
50064845
50064846
50064848
50064850
50064861
50064863
50064867
50064868
50064870
50064871
50064874
50064879
50064884
50064889
50064891
50064894
50064899
50064900
50064901
50064902
50064903
50064904
50064907
50064908
50064911
50064917
50064924
50064925
50064931
50064939
50064943
50064945
50064946
50064948
50064952
50064956
50064957
50064962
50064965
50064968
50064973
50064976
50064980
50064981
50064984
50064986
50064990
50064992
50064993
50064995
50064998
50064999
50065006
50065014
50065015
50065017
50065021
50065024
50065025
50065026
50065034
50065035
50065037
50065041
50065048
50065050
50065051
50065058
50065061
50065063
50065064
50065071
50065072
50065073
50065077
50065081
50065084
50065086
50065091
50065096
50065100
50065106
50065108
50065110
50065117
50065118
50065124
50065125
50065126
50065127
50065134
50065136
50065138
50065144
50065150
50065163
50065171
50065172
50065173
50065177
50065180
50065186
50065187
50065188
50065194
50065195
50065196
50065199
50065200
50065202
50065205
50065214
50065215
50065220
50065221
50065228
50065229
50065230
50065240
50065242
50065244
50065255
50065256
50065261
50065265
50065267
50065270
50065276
50065277
50065278
50065280
50065284
50065291
50065292
50065296
50065297
50065302
50065303
50065307
50065310
50065314
50065321
50065325
50065326
50065327
50065328
50065332
50065336
50065339
50065342
50065343
50065345
50065347
50065353
50065354
50065360
50065368
50065370
50065371
50065378
50065379
50065382
50065391
50065392
50065395
50065396
50065397
50065406
50065408
50065418
50065425
50065430
50065431
50065436
50065439
50065440
50065446
50065449
50065451
50065453
50065458
50065461
50065463
50065467
50065468
50065471
50065478
50065481
50065483
50065484
50065492
50065493
50065494
50065496
50065501
50065503
50065504
50065505
50065506
50067226
50067255
60007740
60008194
60008285
60008300
60008303
60008307
60008314
60008320
60008323
60008329
60008333
60008341
60008403
60008404
60008499
60008500
60008502
60008503
60008506
60008630
60009223
60009226
60009230
60009232
60009240
60009241
60009242
60009243
60009244
60009245
60009246
60009270
60009271
60009323
60009324
60009325
60009327
60009350
60009351
60009353
60009354
60009374
60009379
60009385
60011076
60011079
60011084
60011086
60011093
60011100
60011102
60011112
60011113
60011119
60011121
60011122
60011135
60011138
60011139
60011143
60011145
60011146
60011151
60011152
60011153
60011154
60011158
60011160
60011161
60011162
60011164
60011165
60011169
60011170
60011172
60011173
60011174
60011176
60011177
60011178
60011183
60011187
60011189
60011194
60011196
60011197
60011202
60011203
60011204
60011206
60011207
60011208
60011335
60011351
60011356
60011357
60011361
60011366
60011368
60011369
60011370
60011372
60011375
60011378
60011379
60011380
60011381
60011382
60011384
60011385
60011386
60011387
60011388
60011389
60011390
60011391
60011393
60011396
60011397
60011765
60011768
60011776
60011777
60011787
60011788
60011789
60011792
60011793
60011794
60011798
60011805
60011807
60011810
60011812
60011814
60011816
60011817
60011819
60011824
60011826
60011827
60011828
60011830
60011831
60011832
60011833
60011836
60011838
60011842
60011843
60011844
60011845
60012188
60012189
60012190
60012198
60012201
60012206
60012209
60012218
60012237
60012240
60012243
