40026807
40026808
40026811
40026812
40026814
40026833
40027045
40027069
40027125
40027152
40027186
40027206
40027220
40027243
40027265
40027266
40027285
40027287
40027301
40027310
40027312
40027316
40027317
40027325
40027330
40027347
40027349
40027357
40027361
40027367
40027370
40027377
40027379
40027380
40027382
40027383
40027386
40027387
40027402
40027411
40027436
40027437
40027439
40027442
40027444
40027449
40027455
40027462
40027464
40027465
40027473
40027490
40027504
40027511
40027542
40027549
40027550
40027557
40027558
40027564
40027565
40027572
40027573
40027575
40027577
40027582
40027584
40027585
40027592
40027596
40027601
40027602
40027608
40027612
40027615
40027622
40027629
40027632
40027634
40027644
40027654
40027674
40027675
40027677
40027678
40027681
40027683
40027693
40027702
40027708
40027713
40027719
40027720
40027725
40027745
40027748
40027752
40027755
40027763
40027769
40027772
40027774
40027775
40027777
40027780
40027781
40027788
40027790
40027791
40027792
40027797
40027806
40027807
40027810
40027811
40027813
40027817
40027819
40027853
40027857
40027861
40027862
40027868
40027872
40027874
40027875
40027882
40027886
40027887
40027888
40027896
40027900
40027905
40027909
40027917
40027921
40027923
40027930
40027935
40027941
40027943
40027946
40027952
40027955
40027966
40027968
40027983
40027986
40027992
40027995
40028001
40028005
40028007
40028011
40028013
40028016
40028022
40028026
40028034
40028036
40028038
40028043
40028045
40028048
40028054
40028060
40028064
40028069
40028070
40028071
40028076
40028082
40028086
40028092
40028093
40028100
40028105
40028108
40028110
40028119
40028122
40028129
40028133
40028138
40028139
40028142
40028147
40028149
40028150
40028152
40028155
40028157
40028175
40028178
40028189
40028191
40028193
40028194
40028205
40028207
40028208
40028214
40028228
40028230
40028233
40028237
40028256
40028259
40028260
40028261
40028275
40028278
40028297
40028298
40028302
40028304
40028307
40028308
40028310
40028314
40028315
40028316
40028319
40028321
40028324
40028326
40028342
40028344
40028347
40028349
40028355
40028357
40028365
40028370
40028372
40028374
40028375
40028377
40028381
40028384
40028387
40028392
40028400
40028403
40028409
40028413
40028416
40028418
40028428
40028442
40028444
40028445
40028446
40028447
40028450
40028453
40028456
40028461
40028466
40028467
40028472
40028479
40028480
40028487
40028489
40028496
40028498
40028500
40028504
40028505
40028506
40028511
40028512
40028513
40028516
40028536
40028546
40028548
40028549
40028552
40028557
40028563
40028565
40028566
40028572
40028575
40028577
40028579
40028585
40028587
40028588
40028591
40028596
40028598
40028600
40028608
40028609
40028612
40028615
40028626
40028636
40028637
40028643
40028645
40028646
40028652
40028653
40028658
40028673
40028676
40028681
40028682
40028685
40028700
40028701
40028710
40028713
40028715
40028716
40028724
40028727
40028736
40028738
40028748
40028753
40028754
40028757
40028758
40028759
40028765
40028766
40028772
40028793
40028797
40028800
40028804
40028805
40028808
40028810
40028814
40028816
40028824
40028827
40028832
40028834
40028839
40028840
40028849
40028855
40028865
40028874
40028884
40028886
40028888
40028899
40028919
40028922
40028924
40028927
40028934
40028935
40028944
40028948
40028953
40028958
40028972
40028975
40028978
40028985
40028989
40028991
40028994
40029000
40029011
40029014
40029019
40029022
40029029
40029035
40029061
40029063
40029064
40029066
40029068
40029080
40029097
40029098
40029119
40029120
40029122
40029123
40029133
40029144
40029151
40029160
40029170
40029172
40029174
40029179
40029186
40029189
40029207
40029217
40029219
40029227
40029241
40029257
40029258
40029262
40029274
40029276
40029280
40029287
40029292
40029293
40029298
40029358
40029379
40029391
40029399
40029415
40029425
40029429
40029435
40029521
40036452
40036469
40036470
40036475
40036476
40036496
40036497
40036508
40036522
40036523
40036534
40036541
40036544
40036551
40036555
40036562
40036568
40036584
40036586
40036590
40036592
40036597
40036603
40036608
40036626
40036684
40036698
40036911
40036913
40036975
40036989
40037056
40037066
40037076
40037077
40037092
40037098
40037111
40037121
40037123
40037130
40037133
40037135
40037139
40037140
40037146
40037147
40037151
40037155
40037157
40037163
40037170
40037182
40037185
40037188
40037201
40037213
40037215
40037216
40037217
40037223
40037235
40037237
40037248
40037251
40037261
40037276
40037277
40037288
40037294
40037295
40037304
40037310
40037312
40037315
40037321
40037332
40037337
40037346
40037351
40037353
40037354
40037360
40037362
40037365
40037367
40037369
40043390
40043409
40043417
40043419
40043429
40043434
40043438
40043448
40043457
40043475
40043476
40043480
40043481
40043489
40043494
40043508
40043515
40043524
40043529
40043536
40043543
40043547
40043549
40043555
40043557
40043562
40043565
40043573
40043576
40043577
40043584
40043591
40043592
40043594
40043597
40043600
40043613
40043639
40043644
40043648
40043651
40043652
40043653
40043667
40043692
40043697
40043701
40043705
40043710
40043716
40043721
40043725
40043729
40043735
40043744
40043745
40043749
40043759
40043764
40043765
40043781
40043783
40043786
40043790
40043793
40043816
40043826
40043837
40043846
40043849
40043855
40043857
40043869
40043870
40043873
40043875
40043893
40043935
40044059
40044067
40044078
40044109
40044110
40044116
40076381
40076427
40076438
40076459
40076482
40076489
40076514
40076523
40076536
40076551
40076572
40076573
40076583
40076597
40076631
40076652
40076684
40076687
40076690
40076700
40076704
40076717
40076718
40076726
40076741
40076745
40076746
40076756
40076776
40076804
40076809
40076812
40076825
40076838
40076860
40076868
40076869
40076882
40076889
40076890
40076893
40076897
40076898
40076904
40076914
40076918
40076921
40076946
40076948
40076950
40076953
40076954
40076967
40076971
40076975
40076978
40076979
40076992
40076997
40077009
40077012
40077017
40077027
40077029
40077033
40077041
40077051
40077058
40077072
40077074
40077077
40077079
40077081
40077086
40077088
40077089
40077092
40077096
40077101
40077107
40077108
40077128
40077130
40077131
40077132
40077135
40077145
40077150
40077151
40077152
40077153
40077159
40077160
40077176
40077182
40077185
40077188
40077194
40077195
40077200
40077201
40077206
40077208
40077209
40077217
40077224
40077229
40077243
40077247
40077251
40077252
40077253
40077263
40077264
40077270
40077273
40077274
40077276
40077282
40077287
40077288
40077292
40077299
40077300
40077305
40077306
40077310
40077313
40077314
40077319
40077321
40077323
40077324
40077330
40077333
40077339
40077340
40077342
40077356
40077358
40077359
40077364
40077366
40077367
40077368
40077369
40077370
40077372
40077374
40077375
40077386
40077396
40077397
40077402
40077405
40077409
40077411
40077414
40077415
40077419
40077422
40077428
40077429
40077432
40077446
40077447
40077448
40077453
40077457
40077462
40077487
40077490
40077493
40077495
40077498
40077500
40077551
40077552
40077558
40077562
40077563
40077571
40077579
40077586
40077599
40077603
40077605
40077607
40077615
40077622
40077625
40077627
40077638
40077640
40077643
40077646
40077647
40077648
40077649
40077656
40077666
40077668
40077674
40077679
40077683
40077686
40077687
40077696
40077697
40077700
40077703
40077708
40077709
40077716
40077722
40077723
40077727
40077729
40077733
40077735
40077744
40077745
40077746
40077750
40077754
40077761
40077766
40077772
40077776
40077780
40077785
40077789
40077790
40077803
40077804
40077819
40077825
40077827
40077830
40077831
40077838
40077843
40077844
40077845
40077848
40077850
40077861
40077873
40077880
40077892
40077901
40077904
40077913
40077914
40077915
40077916
40077920
40077921
40077930
40077931
40077932
40077935
40077940
40077941
40077944
40077945
40077947
40077953
40077956
40077958
40077966
40077970
40077975
40077980
40077983
40077986
40077988
40077991
40077992
40077997
40077998
40078004
40078005
40078011
40078015
40078025
40078027
40078030
40078044
40078048
40078049
40078054
40078057
40078069
40078072
40078074
40078078
40078079
40078084
40078097
40078098
40078101
40078104
40078111
40078114
40078117
40078121
40078124
40078131
40078135
40078141
40078145
40078151
40078155
40078156
40078158
40078159
40078161
40078162
40078163
40078170
40078177
40078178
40078180
40078181
40078187
40078191
40078192
40078194
40078196
40078197
40078200
40078204
40078208
40078221
40078225
40078227
40078228
40078230
40078231
40078237
40078247
40078250
40078263
40078265
40078269
40078276
40078280
40078283
40078284
40078285
40078290
40078293
40078297
40078301
40078302
40078303
40078308
40078312
40078314
40078316
40078318
40078322
40078336
40078341
40078344
40078345
40078350
40078355
40078360
40078361
40078365
40078366
40078367
40078368
40078373
40078375
40078379
40078382
40078385
40078386
40078388
40078389
40078394
40078395
40078407
40078408
40078410
40078414
40078420
40078424
40078426
40078429
40078436
40078443
40078445
40078446
40078450
40078453
40078454
40078455
40078466
40078468
40078483
40078488
40078491
40078498
40078507
40078509
40078513
40078521
40078531
40078532
40078536
40078539
40078542
40078543
40078547
40078569
40078575
40078579
40078582
40078584
40078586
40078594
40078599
40078604
40078607
40078610
40078622
40078631
40078637
40078642
40078651
40078658
40078660
40078673
40078676
40078681
40078686
40078712
40078720
40078747
40078765
40078795
40078806
40078819
40078821
40078826
40078844
40078848
40078856
40078861
40078867
40078875
40078876
40078877
40078878
40078900
40078917
40078933
40078951
40078955
40078960
40078973
40078977
40078978
40078983
40078989
40078992
40078997
40079000
40079008
40079012
40079015
40079030
40079044
40079046
40079051
40079053
40079055
40079063
40079065
40079081
40079086
40079092
40079097
40079109
40079110
40079113
40079120
40079122
40079133
40079145
40079154
40079159
40087811
40087836
40087870
40087887
40087896
40087913
40087914
40087921
40087935
40087953
40087954
40087982
40088000
40088023
40088037
40088050
40088104
40088111
40088140
40088152
40088158
40088163
40088168
40088175
40088229
40088230
40088231
40088233
40088236
40088244
40088274
40088275
40088285
40088301
40088324
40088329
40088341
40088344
40088346
40088353
40088361
40088371
40088434
40088444
40088451
40088470
40088498
40088556
40088657
40088707
40088724
40088749
40088757
40093941
40093976
40093995
40094003
40094018
40094204
40094224
40094248
40094274
40094358
40094369
40094423
40094453
40094457
40094497
40094510
40094523
40094524
40094614
40099902
40099933
40099936
40099956
40099981
40099991
40100001
40100006
40100014
40100074
40100079
40100102
40100112
40100125
40100144
40100148
40100177
40100184
40100207
40100215
40100258
40100271
40100533
40100584
40100596
40100610
40100635
40100656
40100660
40100661
40103905
40103949
40103963
40104019
40104020
40104034
40104387
40104431
40107839
40108345
40108411
40108486
40108492
40108521
40108542
40108544
40108553
40111183
40111564
40111583
40111593
40111613
40111625
40114397
40114419
40114436
40114482
40114493
40114612
40119592
40120294
40123371
40126625
40129916
40129974
40130018
40135291
40135492
40135507
40135731
40138264
40138290
40138304
40142794
40143057
40143143
40145674
40145719
40145720
40148027
40148228
40148587
40150728
40155941
40156044
40158435
40160674
40160711
40160752
40166330
40166365
40166369
40166380
40166395
40166421
40166470
40166471
40166491
40166520
40166542
40166550
40166599
40166600
40166601
40166602
40166644
40166660
40166661
40166670
40166671
40166675
40166679
40166680
40166681
40166682
40166683
40166694
40166696
40166697
40166698
40166704
40166705
40166712
40166715
40166721
40166750
40166759
40166760
40166761
40166769
40166774
40166781
40166787
40166788
40166792
40166797
40166799
40166803
40166805
40166811
40166815
40166816
40166819
40166826
40166827
40166828
40166841
40166846
40166854
40166858
40166873
40166882
40166890
40166892
40166894
40166895
40166902
40166905
40166907
40166915
40166941
40166948
40166956
40166962
40166970
40166971
40166973
40166974
40166975
40166977
40166978
40166995
40166996
40167001
40167016
40167024
40167026
40167033
40167034
40167045
40167051
40167073
40167091
40167106
40167163
40167188
40167202
40167203
40167229
40167274
40167333
40167337
40167362
40167375
40167445
40167492
40167498
40167509
40167525
40167567
40167588
40167606
40167612
40167620
40167622
40167644
40167654
40167657
40167658
40167679
40167682
40167688
40167693
40167701
40167709
40167717
40167720
40167730
40167732
40167736
40167738
40167743
40167755
40167763
40167765
40167768
40171432
40171496
40171565
40171594
40171611
40171641
40171655
40171720
40171730
40171756
40171785
40171800
40171805
40171843
40171850
40171874
40171877
40171894
40171904
40171927
40171936
40172071
40172095
40172109
40175853
40175866
40175869
40175937
40175950
40175961
40175989
40176095
40176193
40176217
40176226
40176255
40176270
40176342
40176375
40179289
40179312
40179487
40179616
40179685
40179717
40179740
40182492
40182525
40182533
40182546
40182709
40182918
40185777
40185994
40186012
40186286
40188824
40188852
40189022
40189083
40189393
40191951
40192054
40192148
40194911
40194950
40195205
40198103
40198139
40198165
40198239
40198549
40198596
40198628
40200818
40200996
40201196
40203503
40203616
40203685
40206746
40206760
40206775
40206936
40207173
40209755
40210112
40212239
40212318
40212666
40214889
40217471
40219325
40219413
40219734
40223242
40223317
40223575
40223647
40223774
40226387
40226395
40229188
40229196
40229273
40229363
40232403
40232558
40232656
40232691
40235128
40235299
40238126
40238249
40238285
40240930
40241063
40245444
40245615
40245770
40247638
40247706
40247808
40247834
40250284
40252558
40257419
40257459
40257620
40259337
40261740
40262194
40264393
40268654
40268699
40268767
40274040
40274247
40279741
40294644
40294752
40312556
40312700
40325638
40333016
40346147
40354684
40357057
40359281
40368098
40368321
40371884
40372157
40374135
40375708
40375888
40379439
40397490
40418749
40421347
40449602
40462987
40504026
40504602
40518449
40522522
40525753
40528624
40541227
40548419
40548422
40548449
40555148
40555167
40557154
40626875
40635505
42750459
42754935
42769913
42769956
42770726
42773169
42778019
42778060
42778107
42781154
42795979
42799318
42805123
42806764
42813216
42819609
42824243
42826629
42828985
42832411
42832433
42835526
43295584
43297127
43299669
43300346
43348671
43367043
50000007
50000008
50000018
50000019
50000020
50000021
50000028
50000036
50000086
50000230
50000234
50000238
50000239
50000240
50000241
50000625
50000627
50000654
50000656
50000692
50000702
50000703
50000933
50000939
50000951
50000953
50000973
50000981
50000988
50001073
50001075
50001077
50001082
50001089
50001090
50001091
50001093
50001094
50001095
50001096
50001098
50001099
50001100
50001101
50001102
50001103
50001104
50001125
50001126
50001127
50001128
50001129
50001131
50001134
50001135
50004135
50004217
50004226
50004661
50004708
50004739
50004740
50004890
50004894
50004898
50004916
50004987
50004989
50004991
50004992
50004993
50005008
50010951
50010955
50010956
50010959
50010961
50010962
50010963
50010964
50010966
50010968
50010969
50010973
50010976
50010986
50010987
50010995
50010998
50010999
50011012
50011015
50011019
50011020
50011032
50011033
50011038
50011040
50011046
50011061
50011067
50011071
50011072
50011080
50011085
50011089
50011090
50011093
50011095
50011100
50011101
50011150
50011152
50011155
50011157
50011158
50011159
50011160
50011163
50011164
50011167
50011168
50011170
50011171
50011173
50011177
50011181
50011184
50011185
50011187
50011188
50011189
50011190
50011192
50011193
50011194
50011200
50011201
50011677
50011678
50012480
50012485
50012494
50012495
50012520
50012521
50012530
50012532
50012534
50012535
50012540
50012541
50012544
50012545
50012546
50012548
50012551
50012554
50012557
50012558
50012561
50012563
50012609
50012611
50012613
50012616
50012785
50012786
50012787
50013091
50013094
50013099
50013100
50013157
50013158
50013160
50013165
50013166
50013341
50013377
50013378
50013405
50013406
50014112
50035225
50035247
50035278
50035340
50035381
50035388
50035423
50035431
50035489
50035503
50035536
50035589
50035641
50035652
50035657
50035671
50035673
50035674
50035704
50035755
50035765
50035776
50035781
50035783
50035795
50035804
50035806
50035811
50035818
50035819
50035823
50035826
50035830
50035831
50035846
50035849
50035852
50035853
50035854
50035856
50035858
50035862
50035868
50035875
50035881
50035885
50035887
50035902
50035904
50035910
50035911
50035915
50035917
50035920
50035928
50035929
50035935
50035938
50035942
50035943
50035945
50035954
50035959
50035964
50035965
50035967
50035969
50035975
50035984
50035986
50035987
50035992
50035995
50035999
50036000
50036001
50036003
50036005
50036006
50036009
50036010
50036017
50036021
50036027
50036031
50036037
50036045
50036047
50036048
50036051
50036054
50036057
50036062
50036064
50036066
50036067
50036068
50036071
50036079
50036084
50036085
50036087
50036091
50036093
50036095
50036099
50036100
50036103
50036105
50036106
50036108
50036109
50036111
50036115
50036116
50036117
50036118
50036120
50036127
50036130
50036131
50036132
50036133
50036138
50036145
50036148
50036150
50036151
50036152
50036159
50036160
50036162
50036163
50036164
50036172
50036175
50036176
50036177
50036178
50036187
50036190
50036202
50036206
50036213
50036214
50036216
50036217
50036231
50036232
50036233
50036235
50036240
50036241
50036249
50036257
50036258
50036259
50036260
50036263
50036266
50036270
50036273
50036279
50036287
50036292
50036295
50036299
50036301
50036303
50036305
50036309
50037578
50037579
50037580
50037582
50037593
50037599
50037607
50037609
50037610
50037619
50037620
50037635
50044624
50044658
50044663
50044664
50044693
50044749
50044763
50044790
50044800
50044868
50044887
50044943
50044964
50045018
50045109
50045562
50045563
50045571
50045572
50045573
50045576
50045673
50045674
50045675
50045678
50045681
50045682
50045683
50045684
50045714
50045715
50045716
50045717
50045718
50045719
50045720
50045721
50049078
50049079
50049080
50049081
50049099
50049100
50049101
50049102
50049103
50049104
50049105
50049106
50049107
50049108
50049109
50049112
50049113
50054339
50054342
50054343
50054350
50054351
50054352
50054353
50054356
50054366
50054367
50054377
50054393
50054394
50054397
50054398
50054399
50054405
50054407
50054409
50054414
50054415
50054424
50054426
50054447
50054448
50054449
50054452
50054453
50054454
50054456
50054458
50054459
50054461
50054462
50054464
50054466
50054467
50054468
50054469
50054470
50054471
50054472
50054473
50054474
50054475
50054476
50054477
50054478
50054479
50054480
50054481
50054482
50054483
50054484
50054485
50054486
50054487
50054488
50054489
50054490
50054491
50054492
50055348
50055355
50055389
50055390
50056131
50056132
50056133
50056134
50056135
50056136
50056138
50056139
50056140
50056141
50056160
50056161
50056162
50057582
50057586
50066445
50066448
50066451
50066452
50066454
50066455
50066456
50066457
50066458
50066463
50066467
50066469
50066470
50066474
50066478
50066480
50066481
50066484
50066496
50066497
50066501
50066502
50066507
50066518
50066520
50066521
50066523
50066526
50066536
50066538
50066541
50066544
50066549
50066555
50066556
50066562
50066564
50066572
50066573
50066575
50066584
50066585
50066591
50066592
50066593
50066594
50066597
50066598
50066602
50066604
50066616
50066617
50066619
50066620
50066622
50066624
50066628
50066630
50066632
50066646
50066647
50066651
50066653
50066656
50066657
50066659
50066670
50066677
50066678
50066687
50066698
50066702
50066717
50066720
50066725
50066728
50066729
50066736
50066740
50066741
50066751
50066754
50066755
50066756
50066757
50066762
50066763
50066767
50066769
50066772
50066774
50066775
50066777
50066780
50066781
50066786
50066794
50066795
50066800
50066805
50066806
50066826
50066839
50066840
50066850
50066852
50066858
50066865
50066868
50066869
50066872
50066873
50066877
50066878
50066885
50066888
50066890
50066894
50066901
50066903
50066914
50066917
50066923
50066927
50066933
50066941
50066947
50066948
50066951
50066954
50066958
50066960
50066962
50066965
50066969
50066978
50066981
50066989
50066992
50066996
50066999
50067000
50067004
50067006
50067037
50067039
50067041
50067044
50067048
50067049
50067053
50067055
50067057
50067059
50067061
50067064
50067073
50067078
50067079
50067081
50067082
50067083
50067084
50067089
50067094
50067099
50067104
50067116
50067129
50067132
50067146
50067147
50067151
50067154
50067158
50067159
50067166
50067168
50067170
50067171
50067172
50067176
50067179
50067181
50067185
50067186
50067192
50067195
50067199
50067202
60010761
60010762
60010764
60010765
60010906
60010907
60010908
60010909
60010910
60010911
60010912
60010913
60010914
60010915
60010916
60010917
60010941
60010969
60010970
60010971
60010972
60010973
60010974
60010975
60010976
60010977
60010978
60010979
60010980
60010981
60010982
60010983
60010984
60011015
60011016
60011017
60011018
60011019
60011020
60011180
60011190
60011195
60011199
60011205
60011209
60011210
60011213
60011216
60011217
60011218
60011219
60011220
60011222
60011223
60011225
60011228
60011230
60011231
60011232
60011237
60011268
60011270
60011272
60011273
60011275
60011282
60011283
60011285
60011286
60011287
60011315
60011399
60011400
60011401
60011403
60011405
60011409
60011410
60011411
60011413
60011414
60011415
60011416
60011680
60011857
60011858
60011860
60011870
60011875
60011880
60011887
60011888
60011889
60011896
60011897
60011898
60011900
60011901
60011902
60011904
60011905
60011906
60011909
60011910
60011911
60011912
60011913
60011914
60011916
60011918
60011920
60011921
60011922
60011923
60011924
60011925
60011926
60011928
60011929
60011930
60011931
60011932
60011934
60011935
60011936
60011937
60011938
60011939
60011940
60011941
60011942
60011943
60011944
60011945
60011946
60011947
60011948
60011952
60011954
60011957
60011967
60011977
60011980
60011984
60011987
60011993
60012000
60012007
60012068
60012072
60012086
60012090
60012091
60012094
60012096
60012101
60012105
60012107
60012110
60012117
60012122
60012123
60012124
60012125
60012335
