40022377
40022392
40022411
40022417
40022452
40022462
40022484
40022538
40022539
40022540
40022542
40022558
40022559
40022581
40022597
40022609
40022628
40022653
40022654
40022666
40022677
40022679
40022683
40022705
40022706
40022712
40022718
40022722
40022730
40022759
40022761
40022767
40022773
40022776
40022781
40022782
40022786
40022803
40022810
40022825
40022827
40022831
40022836
40022846
40022848
40022850
40022854
40022858
40022861
40022871
40022872
40022874
40022877
40022890
40022892
40022904
40022913
40022914
40022916
40022917
40022924
40022925
40022930
40022958
40022982
40022995
40022997
40023029
40023032
40023037
40023052
40023055
40023058
40023060
40023062
40023074
40023078
40023080
40023083
40023087
40023097
40023104
40023107
40023109
40023114
40023119
40023120
40023137
40023138
40023140
40023142
40023146
40023151
40023152
40023155
40023165
40023170
40023173
40023175
40023176
40023181
40023182
40023185
40023192
40023193
40023201
40023202
40023203
40023206
40023207
40023208
40023212
40023220
40023226
40023228
40023237
40023238
40023239
40023244
40023248
40023250
40023252
40023255
40023257
40023258
40023260
40023263
40023269
40023273
40023276
40023282
40023283
40023286
40023291
40023293
40023294
40023296
40023314
40023317
40023319
40023328
40023332
40023333
40023335
40023346
40023347
40023353
40023367
40023386
40023387
40023395
40023396
40023398
40023409
40023415
40023423
40023439
40023447
40023449
40023450
40023451
40023453
40023457
40023458
40023473
40023474
40023479
40023480
40023488
40023490
40023491
40023492
40023497
40023504
40023508
40023511
40023524
40023526
40023529
40023531
40023535
40023545
40023554
40023558
40023562
40023564
40023576
40023577
40023590
40023592
40023599
40023600
40023601
40023602
40023611
40023620
40023627
40023628
40023634
40023635
40023642
40023655
40023658
40023662
40023663
40023669
40023674
40023678
40023683
40023685
40023687
40023688
40023700
40023702
40023708
40023710
40023713
40023720
40023722
40023743
40023745
40023753
40023756
40023764
40023769
40023771
40023782
40023785
40023786
40023789
40023799
40023802
40023805
40023806
40023813
40023817
40023819
40023822
40023826
40023827
40023828
40023829
40023830
40023831
40023836
40023837
40023840
40023841
40023843
40023860
40023864
40023866
40023867
40023870
40023872
40023877
40023878
40023879
40023880
40023885
40023895
40023896
40023897
40023904
40023913
40023917
40023932
40023933
40023939
40023946
40023950
40023954
40023963
40023964
40023970
40023971
40023990
40023995
40023998
40024000
40024001
40024002
40024004
40024006
40024013
40024017
40024021
40024022
40024029
40024041
40024042
40024047
40024065
40024072
40024073
40024079
40024084
40024103
40024108
40024121
40024128
40024131
40024134
40024136
40024139
40024147
40024154
40024155
40024165
40024167
40024188
40024192
40024197
40024198
40024205
40024209
40024212
40024214
40024217
40024218
40024226
40024231
40024235
40024238
40024239
40024246
40024247
40024249
40024251
40024259
40024264
40024267
40024276
40024278
40024290
40024291
40024292
40024294
40024300
40024308
40024319
40024321
40024330
40024332
40024343
40024344
40024348
40024354
40024363
40024364
40024380
40024383
40024384
40024387
40024389
40024392
40024399
40024402
40024404
40024408
40024409
40024414
40024415
40024419
40024435
40024441
40024444
40024445
40024447
40024466
40024468
40024472
40024473
40024474
40024483
40024484
40024490
40024491
40024494
40024496
40024497
40024498
40024508
40024511
40024512
40024517
40024521
40024531
40024532
40024534
40024537
40024541
40024549
40024551
40024552
40024558
40024559
40024569
40024572
40024573
40024574
40024577
40024587
40024602
40024604
40024605
40024611
40024612
40024615
40024626
40024630
40024636
40024639
40024641
40024643
40024644
40024647
40024648
40024649
40024650
40024651
40024653
40024656
40024664
40024669
40024676
40024679
40024680
40024689
40024690
40024691
40024694
40024703
40024704
40024705
40024712
40024714
40024721
40024724
40024726
40024742
40024755
40024758
40024759
40024766
40024768
40024770
40024774
40024775
40024786
40024790
40024800
40024808
40024813
40024821
40024822
40024823
40024831
40024834
40024835
40024839
40024844
40024845
40024846
40024851
40024855
40024857
40024863
40024864
40024865
40024867
40024876
40024878
40024882
40024883
40024894
40024911
40024913
40024920
40024928
40024929
40024933
40024941
40024944
40024945
40024949
40024952
40024953
40024964
40024988
40024989
40024998
40024999
40025012
40025025
40025030
40025032
40025058
40025064
40025067
40025080
40025090
40025097
40025112
40025113
40025114
40025115
40025117
40025130
40025134
40025139
40025172
40025176
40025181
40025192
40025193
40025199
40025215
40025222
40025232
40025238
40025261
40025265
40025273
40025286
40025288
40025290
40025293
40025304
40025307
40025308
40025316
40025319
40025321
40025329
40025331
40025333
40025342
40025350
40025351
40025353
40025357
40025360
40025366
40025378
40025380
40025383
40025394
40025397
40025399
40025402
40025404
40025408
40025409
40025410
40025411
40025419
40025420
40025422
40025434
40025436
40025438
40025440
40025450
40025452
40025464
40025470
40025474
40025477
40025484
40025486
40025487
40025498
40025506
40025513
40025518
40025524
40025525
40025534
40025542
40025544
40025548
40025552
40025553
40025562
40025571
40025582
40025584
40025596
40025600
40025601
40025602
40025604
40025606
40025607
40025620
40025622
40025625
40025640
40025641
40025654
40025656
40025662
40025663
40025670
40025687
40025690
40025691
40025695
40025700
40025701
40025717
40025723
40025724
40025728
40025731
40025734
40025737
40025740
40025742
40025745
40025749
40025753
40025764
40025776
40025783
40025784
40025788
40025789
40025796
40025797
40025802
40025811
40025813
40025814
40025816
40025820
40025822
40025823
40025829
40025841
40025844
40025845
40025867
40025881
40025889
40025909
40025917
40025918
40025923
40025929
40025944
40025947
40025949
40025950
40025952
40025953
40025957
40025959
40025961
40025967
40025974
40025976
40025977
40025984
40026014
40026016
40026017
40026019
40026021
40026026
40026027
40026028
40026032
40026034
40026035
40026039
40026042
40026054
40026055
40026066
40026074
40026079
40026081
40026088
40026090
40026094
40026100
40026101
40026105
40026108
40026109
40026118
40026119
40026124
40026131
40026137
40026138
40026143
40026144
40026147
40026163
40026166
40026169
40026171
40026181
40026188
40026190
40026196
40026205
40026217
40026222
40026223
40026237
40026240
40026250
40026256
40026260
40026264
40026272
40026273
40026277
40026287
40026296
40026297
40026299
40026310
40026311
40026313
40026326
40026328
40026330
40026337
40026339
40026341
40026346
40026348
40026349
40026359
40026366
40026383
40026386
40026389
40026401
40026405
40026408
40026414
40026417
40026418
40026422
40026423
40026424
40026428
40026455
40026458
40026459
40026475
40026482
40026483
40026492
40026496
40026501
40026502
40026510
40026514
40026516
40026519
40026532
40026536
40026547
40026551
40026553
40026555
40026556
40026560
40026562
40026585
40026586
40026595
40026597
40026607
40026619
40026626
40026629
40026639
40026640
40026646
40026647
40026649
40026652
40026655
40026660
40026663
40026667
40026678
40026712
40026718
40026725
40026741
40026750
40026858
40026860
40026871
40026873
40026969
40026972
40027051
40027366
40027509
40028271
40028327
40029605
40029616
40029696
40029704
40029733
40035432
40035440
40035444
40035455
40035498
40035500
40035501
40035504
40035505
40035508
40035517
40035519
40035520
40035534
40035540
40035542
40035543
40035565
40035568
40035572
40035573
40035575
40035578
40035586
40035587
40035592
40035600
40035608
40035611
40035616
40035625
40035633
40035651
40035652
40035658
40035660
40035662
40035664
40035667
40035681
40035689
40035695
40035696
40035697
40035699
40035702
40035706
40035709
40035714
40035717
40035719
40035720
40035722
40035725
40035727
40035729
40035738
40035739
40035758
40035759
40035762
40035768
40035770
40035771
40035778
40035779
40035781
40035787
40035788
40035793
40035794
40035795
40035800
40035814
40035823
40035832
40035834
40035843
40035848
40035849
40035850
40035851
40035852
40035856
40035861
40035862
40035866
40035877
40035880
40035884
40035887
40035891
40035893
40035897
40035898
40035900
40035907
40035911
40035919
40035925
40035928
40035930
40035935
40035939
40035949
40035953
40035956
40035964
40035972
40035984
40035989
40035998
40036001
40036007
40036019
40036022
40036026
40036027
40036028
40036035
40036036
40036053
40036065
40036072
40036078
40036087
40036088
40036095
40036103
40036113
40036116
40036124
40036125
40036127
40036128
40036135
40036148
40036153
40036158
40036160
40036162
40036165
40036170
40036176
40036180
40036182
40036184
40036186
40036193
40036216
40036217
40036224
40036229
40036242
40036255
40036257
40036267
40036268
40036271
40036278
40036283
40036291
40036295
40036297
40036301
40036304
40036321
40036329
40036330
40036338
40036341
40036342
40036343
40036344
40036360
40036362
40036367
40036371
40036372
40036374
40036401
40036405
40036410
40036413
40036741
40036778
40036790
40036804
40036873
40042412
40042422
40042428
40042429
40042431
40042456
40042464
40042467
40042470
40042471
40042477
40042478
40042480
40042502
40042510
40042514
40042515
40042520
40042521
40042526
40042532
40042538
40042549
40042554
40042559
40042561
40042566
40042573
40042574
40042576
40042578
40042579
40042589
40042590
40042593
40042596
40042597
40042606
40042613
40042617
40042619
40042621
40042628
40042654
40042655
40042659
40042667
40042686
40042687
40042691
40042702
40042703
40042712
40042716
40042729
40042737
40042741
40042744
40042753
40042756
40042759
40042763
40042766
40042769
40042771
40042776
40042778
40042784
40042787
40042788
40042802
40042806
40042807
40042815
40042817
40042820
40042824
40042831
40042832
40042841
40042843
40042844
40042858
40042859
40042862
40042865
40042872
40042878
40042895
40042911
40042916
40042923
40042926
40042928
40042936
40042946
40042954
40042956
40042966
40042975
40042976
40042989
40042999
40043002
40043011
40043013
40043018
40043019
40043021
40043022
40043023
40043026
40043029
40043035
40043038
40043039
40043044
40043056
40043058
40043063
40043073
40043079
40043080
40043086
40043087
40043090
40043091
40043102
40043103
40043105
40043122
40043125
40043139
40043140
40043149
40043152
40043157
40043159
40043167
40043170
40043177
40043180
40043182
40043186
40043191
40043197
40043198
40043206
40043214
40043222
40043233
40043240
40043254
40043259
40043276
40043293
40043294
40043301
40043309
40043315
40043330
40043950
40043996
40070641
40070677
40070725
40070747
40070748
40070811
40070838
40070845
40070872
40070902
40070906
40070947
40070970
40070988
40071003
40071006
40071048
40071059
40071068
40071069
40071080
40071103
40071111
40071151
40071152
40071165
40071168
40071170
40071180
40071199
40071203
40071204
40071205
40071217
40071218
40071224
40071227
40071228
40071237
40071242
40071252
40071258
40071260
40071266
40071274
40071275
40071279
40071283
40071285
40071287
40071299
40071308
40071312
40071320
40071326
40071329
40071350
40071354
40071361
40071364
40071380
40071383
40071387
40071396
40071397
40071400
40071401
40071402
40071409
40071417
40071418
40071424
40071427
40071435
40071440
40071445
40071446
40071451
40071458
40071474
40071481
40071491
40071493
40071504
40071507
40071511
40071520
40071523
40071535
40071538
40071540
40071542
40071543
40071547
40071554
40071555
40071559
40071561
40071565
40071566
40071570
40071571
40071572
40071573
40071579
40071589
40071590
40071597
40071600
40071603
40071616
40071619
40071634
40071642
40071643
40071654
40071656
40071658
40071663
40071666
40071669
40071673
40071674
40071677
40071678
40071679
40071690
40071697
40071701
40071703
40071706
40071714
40071716
40071730
40071736
40071737
40071738
40071744
40071745
40071747
40071749
40071751
40071759
40071761
40071764
40071768
40071769
40071771
40071778
40071780
40071783
40071790
40071803
40071826
40071827
40071828
40071830
40071835
40071840
40071841
40071842
40071844
40071846
40071852
40071858
40071859
40071861
40071863
40071872
40071874
40071876
40071877
40071881
40071892
40071894
40071897
40071903
40071904
40071905
40071908
40071910
40071914
40071921
40071922
40071924
40071932
40071940
40071943
40071951
40071952
40071959
40071964
40071973
40071975
40071977
40071982
40071983
40071987
40072001
40072004
40072005
40072006
40072018
40072021
40072028
40072033
40072036
40072049
40072053
40072054
40072055
40072056
40072059
40072060
40072075
40072076
40072080
40072081
40072082
40072085
40072090
40072099
40072106
40072107
40072108
40072110
40072111
40072113
40072116
40072128
40072131
40072134
40072140
40072142
40072154
40072155
40072158
40072161
40072164
40072168
40072169
40072172
40072177
40072190
40072200
40072211
40072212
40072214
40072230
40072232
40072241
40072249
40072258
40072268
40072276
40072277
40072282
40072283
40072286
40072290
40072291
40072292
40072293
40072296
40072297
40072301
40072302
40072307
40072312
40072320
40072323
40072330
40072332
40072344
40072350
40072356
40072373
40072375
40072378
40072383
40072385
40072394
40072395
40072408
40072414
40072418
40072427
40072438
40072440
40072462
40072464
40072487
40072488
40072490
40072495
40072507
40072509
40072511
40072521
40072523
40072532
40072536
40072549
40072555
40072557
40072564
40072572
40072576
40072578
40072582
40072591
40072592
40072593
40072600
40072603
40072607
40072612
40072618
40072620
40072621
40072628
40072645
40072648
40072651
40072658
40072661
40072663
40072664
40072674
40072675
40072680
40072690
40072692
40072697
40072700
40072701
40072704
40072714
40072729
40072738
40072742
40072749
40072758
40072761
40072771
40072795
40072797
40072803
40072805
40072810
40072811
40072825
40072826
40072827
40072828
40072832
40072833
40072837
40072851
40072852
40072854
40072856
40072866
40072871
40072876
40072879
40072881
40072899
40072900
40072902
40072903
40072907
40072913
40072914
40072915
40072916
40072932
40072933
40072948
40072949
40072952
40072953
40072954
40072955
40072961
40072963
40072967
40072973
40072983
40072991
40073000
40073010
40073019
40073028
40073029
40073034
40073036
40073065
40073073
40073075
40073078
40073080
40073081
40073083
40073093
40073099
40073102
40073110
40073116
40073125
40073138
40073139
40073148
40073157
40073158
40073161
40073163
40073167
40073173
40073177
40073183
40073187
40073190
40073191
40073193
40073194
40073198
40073200
40073202
40073204
40073205
40073206
40073208
40073210
40073223
40073224
40073230
40073231
40073254
40073256
40073258
40073263
40073264
40073265
40073270
40073272
40073284
40073298
40073299
40073311
40073316
40073323
40073324
40073325
40073326
40073332
40073334
40073343
40073351
40073360
40073361
40073362
40073368
40073369
40073372
40073381
40073391
40073392
40073393
40073399
40073404
40073405
40073408
40073410
40073413
40073414
40073421
40073422
40073423
40073429
40073432
40073457
40073458
40073460
40073462
40073465
40073467
40073471
40073479
40073480
40073486
40073489
40073490
40073496
40073497
40073505
40073508
40073509
40073514
40073515
40073519
40073525
40073527
40073532
40073539
40073540
40073544
40073545
40073547
40073550
40073565
40073570
40073581
40073587
40073591
40073595
40073599
40073607
40073608
40073616
40073617
40073620
40073629
40073632
40073638
40073654
40073663
40073672
40073681
40073684
40073686
40073697
40073714
40073718
40073723
40073727
40073728
40073730
40073739
40073741
40073745
40073746
40073754
40073761
40073766
40073769
40073780
40073783
40073787
40073801
40073804
40073809
40073815
40073820
40073823
40073829
40073836
40073846
40073847
40073850
40073852
40073859
40073860
40073861
40073880
40073886
40073896
40073898
40073903
40073905
40073908
40073910
40073911
40073913
40073923
40073924
40073925
40073926
40073936
40073944
40073955
40073956
40073957
40073963
40073966
40073984
40073997
40074004
40074023
40074027
40074042
40074044
40074045
40074049
40074058
40074066
40074067
40074069
40074070
40074072
40074078
40074079
40074086
40074097
40074104
40074111
40074123
40074129
40074134
40074138
40074141
40074146
40074150
40074152
40074157
40074162
40074169
40074174
40074180
40074189
40074190
40074193
40074194
40074215
40074224
40074226
40074227
40074231
40074232
40074235
40074238
40074258
40074277
40074279
40074284
40074295
40074308
40074319
40074321
40074324
40074327
40074334
40074342
40074343
40074347
40074349
40074350
40074353
40074359
40074361
40074362
40074365
40074366
40074371
40074382
40074394
40074400
40074405
40074406
40074413
40074415
40074422
40074440
40074452
40074466
40074467
40074469
40074477
40074485
40074496
40074498
40074516
40074519
40074521
40074527
40074529
40074533
40074536
40074538
40074547
40074548
40074552
40074553
40074563
40074565
40074566
40074568
40074569
40074576
40074579
40074580
40074582
40074584
40074590
40074598
40074605
40074616
40074621
40074628
40074638
40074640
40074650
40074651
40074652
40074656
40074662
40074667
40074669
40074673
40074684
40074688
40074689
40074694
40074709
40074710
40074711
40074716
40074726
40074727
40074733
40074739
40074742
40074746
40074750
40074751
40074760
40074765
40074766
40074774
40074776
40074780
40074785
40074787
40074791
40074792
40074795
40074803
40074807
40074816
40074843
40074844
40074846
40074850
40074856
40074860
40074861
40074865
40074871
40074889
40074891
40074900
40074907
40074911
40074912
40074913
40074919
40074920
40074925
40074930
40074932
40074933
40074936
40074937
40074942
40074950
40074953
40074959
40074963
40074966
40074970
40074992
40075002
40075003
40075009
40075015
40075016
40075019
40075027
40075031
40075039
40075062
40075064
40075065
40075076
40075080
40075081
40075087
40075088
40075089
40075105
40075108
40075110
40075117
40075119
40075120
40075123
40075132
40075141
40075142
40075144
40075153
40075163
40075166
40075170
40075171
40075177
40075183
40075184
40075186
40075189
40075195
40075196
40075204
40075206
40075207
40075222
40075223
40075224
40075226
40075231
40075234
40075235
40075238
40075241
40075247
40075248
40075250
40075255
40075257
40075258
40075271
40075277
40075279
40075280
40075297
40075303
40075307
40075313
40075314
40075318
40075322
40075326
40075328
40075341
40075342
40075345
40075346
40075354
40075357
40075363
40075366
40075379
40075381
40075382
40075399
40075406
40075416
40075423
40075425
40075435
40075438
40075439
40075440
40075444
40075452
40075462
40075466
40075483
40075488
40075492
40075499
40075506
40075523
40075526
40075533
40075534
40075535
40075541
40075544
40075554
40075555
40075556
40075558
40075562
40075564
40075587
40075593
40075600
40075610
40075611
40075613
40075617
40075620
40075628
40075632
40075639
40075645
40075663
40075692
40075702
40075727
40075732
40075745
40075746
40075748
40075752
40075759
40075768
40075771
40075817
40075822
40075823
40075826
40075827
40075829
40075838
40075851
40075855
40075858
40075868
40075897
40075898
40075900
40075904
40075912
40075926
40075929
40075931
40075937
40075948
40075953
40075967
40075968
40075975
40075977
40075989
40075999
40076008
40076023
40076029
40076063
40076075
40076094
40076102
40076103
40076142
40076169
40076203
40076209
40086371
40086384
40086437
40086453
40086497
40086499
40086505
40086506
40086516
40086543
40086546
40086551
40086554
40086568
40086573
40086579
40086580
40086587
40086596
40086607
40086613
40086614
40086622
40086632
40086636
40086637
40086644
40086652
40086653
40086656
40086662
40086663
40086677
40086695
40086698
40086726
40086727
40086728
40086736
40086772
40086777
40086778
40086779
40086795
40086803
40086817
40086821
40086842
40086853
40086866
40086870
40086873
40086879
40086881
40086889
40086890
40086908
40086910
40086927
40086936
40086937
40086952
40086981
40086987
40086998
40087038
40087068
40087077
40087087
40087094
40087106
40087130
40087145
40087146
40087147
40087159
40087174
40087178
40087179
40087183
40087204
40087208
40087230
40087247
40087252
40087276
40087280
40087293
40087294
40087314
40087335
40087342
40087347
40087378
40087401
40087402
40087403
40087423
40087445
40087449
40087471
40087477
40087492
40087507
40087508
40087553
40087563
40087567
40087580
40087581
40087583
40087585
40087586
40087598
40087604
40087611
40087613
40087635
40087641
40087643
40087650
40087654
40087657
40087681
40087694
40087695
40087712
40087728
40087737
40087760
40087771
40093186
40093227
40093229
40093276
40093285
40093289
40093315
40093318
40093325
40093334
40093340
40093350
40093357
40093368
40093370
40093378
40093379
40093381
40093391
40093422
40093427
40093428
40093433
40093436
40093439
40093444
40093453
40093462
40093463
40093464
40093481
40093507
40093529
40093532
40093533
40093553
40093566
40093569
40093572
40093601
40093611
40093620
40093632
40093639
40093642
40093652
40093678
40093690
40093709
40093716
40093717
40093722
40093728
40093731
40093751
40093756
40093758
40093759
40093765
40093766
40093769
40093786
40093798
40093826
40093843
40093855
40093874
40093886
40099134
40099141
40099176
40099181
40099210
40099211
40099222
40099224
40099226
40099229
40099230
40099240
40099244
40099251
40099254
40099260
40099275
40099282
40099305
40099309
40099310
40099311
40099326
40099346
40099358
40099367
40099376
40099380
40099393
40099399
40099406
40099413
40099415
40099420
40099427
40099431
40099433
40099451
40099454
40099458
40099461
40099479
40099486
40099518
40099523
40099527
40099530
40099558
40099565
40099567
40099571
40099573
40099595
40099600
40099606
40099610
40099618
40099626
40099650
40099654
40099656
40099658
40099661
40099663
40099667
40099683
40099684
40099693
40099696
40099700
40099702
40099703
40099709
40099710
40099737
40099761
40099777
40099806
40103399
40103414
40103418
40103420
40103470
40103484
40103486
40103498
40103525
40103531
40103565
40103601
40103629
40103639
40103745
40103748
40103762
40103763
40103790
40107389
40107395
40107421
40107449
40107460
40107470
40107483
40107484
40107489
40107500
40107502
40107508
40107525
40107537
40107551
40107553
40107563
40107599
40107610
40107613
40107640
40107645
40107660
40107673
40107676
40107719
40107722
40107729
40107751
40110834
40110852
40110896
40110901
40110905
40110920
40110930
40110946
40110948
40111000
40111016
40111033
40111049
40111057
40111066
40111070
40111092
40111096
40111101
40111103
40111142
40113969
40114004
40114008
40114019
40114049
40114079
40114095
40114134
40114163
40114208
40114224
40114256
40114293
40119219
40119377
40119387
40119391
40119449
40119454
40119521
40119529
40120133
40122833
40122926
40122927
40122930
40122979
40123117
40125811
40125826
40125844
40125881
40125991
40126015
40126020
40126052
40126068
40129114
40129187
40129215
40129271
40129273
40129303
40132219
40132225
40132342
40132745
40132758
40135013
40135020
40135030
40135040
40135076
40135081
40135102
40135122
40135133
40135158
40135165
40135173
40135212
40135322
40135335
40135340
40137659
40137666
40137770
40137805
40137830
40137835
40137843
40139947
40139978
40139991
40140019
40140021
40140370
40142488
40142561
40142592
40142641
40145117
40145174
40145202
40145261
40147806
40147809
40147868
40147916
40147940
40147964
40147971
40147989
40147990
40148055
40150174
40150202
40150236
40150251
40150260
40150290
40152721
40152777
40152780
40152820
40152886
40152889
40156440
40158763
40160866
40160944
40165397
40165405
40165406
40165439
40165458
40165476
40165506
40165523
40165542
40165569
40165571
40165584
40165586
40165599
40165601
40165609
40165618
40165622
40165623
40165634
40165636
40165638
40165650
40165670
40165681
40165682
40165698
40165708
40165717
40165730
40165735
40165751
40165765
40165770
40165775
40165776
40165788
40165790
40165797
40165803
40165826
40165829
40165831
40165837
40165840
40165843
40165880
40165903
40165911
40165927
40165946
40165981
40165998
40166012
40166024
40166037
40166042
40166056
40166070
40166091
40166093
40166125
40166155
40166163
40166170
40166174
40170821
40170850
40170864
40170887
40170889
40170896
40170904
40170911
40170930
40170952
40170969
40171015
40171022
40171026
40171027
40171045
40171061
40171066
40171093
40171096
40171104
40171112
40171125
40171126
40171164
40171173
40171175
40171201
40171243
40171250
40171274
40171350
40175324
40175325
40175333
40175338
40175354
40175355
40175360
40175370
40175400
40175429
40175436
40175494
40175503
40175509
40175524
40175526
40175538
40175552
40175562
40175564
40175604
40175611
40175686
40175717
40175731
40175739
40178834
40178856
40178867
40178878
40178883
40178896
40178913
40178925
40178946
40178995
40179066
40179100
40179164
40179171
40179177
40182040
40182073
40182087
40182123
40182157
40182162
40182203
40182215
40182231
40182273
40182357
40182380
40182388
40182406
40182407
40185205
40185239
40185264
40185297
40185306
40185341
40185381
40185458
40185468
40185521
40185552
40185591
40185599
40185603
40188335
40188371
40188374
40188386
40188396
40188410
40188441
40188450
40188464
40188499
40188503
40188517
40188567
40188685
40188696
40191471
40191598
40191643
40191654
40191690
40191702
40194446
40194456
40194467
40194477
40194581
40194598
40194640
40194769
40194799
40197763
40197772
40197784
40197880
40197919
40197980
40200402
40200453
40200457
40200551
40200669
40203071
40203086
40203092
40203124
40203151
40203184
40203205
40203217
40203287
40203297
40203309
40206174
40206281
40206315
40206323
40206349
40206361
40206387
40206400
40206447
40206501
40206542
40206556
40206610
40206623
40209249
40209266
40209288
40209292
40209302
40209317
40209319
40209328
40209342
40209355
40209380
40209400
40209458
40209511
40209523
40209536
40209543
40211896
40211933
40211958
40212044
40212140
40212149
40214425
40214450
40214541
40214662
40214671
40214681
40216905
40217033
40217067
40217153
40217166
40217190
40219036
40219040
40219044
40219077
40219206
40222598
40222615
40222637
40222685
40222704
40222721
40222754
40222773
40222844
40222852
40222857
40222893
40223010
40223056
40223078
40225924
40225957
40225989
40226060
40226099
40226123
40226151
40226228
40226273
40228674
40228706
40228740
40228752
40228872
40228893
40228945
40231708
40231788
40231821
40231856
40231863
40231865
40231872
40231876
40231903
40231951
40231967
40231987
40231989
40232004
40232016
40232029
40232034
40232040
40232053
40232069
40232072
40232086
40234772
40234775
40234803
40234809
40234811
40234981
40235010
40237754
40237755
40237823
40237868
40237898
40237976
40238001
40238031
40240544
40240633
40240649
40240829
40243013
40243044
40243156
40243241
40243349
40243374
40243406
40245112
40245122
40245164
40245191
40245238
40245386
40245404
40245405
40247392
40247436
40247558
40249825
40249854
40249864
40249869
40250051
40252171
40252208
40252263
40252439
40252440
40252488
40254379
40254387
40254477
40256900
40256918
40257156
40257167
40257200
40259024
40259074
40259091
40259111
40259231
40261608
40263741
40263908
40263972
40264019
40264054
40265915
40265927
40265934
40265938
40265967
40265985
40265997
40265998
40266018
40266029
40266041
40266081
40266100
40268110
40268114
40268204
40268212
40268241
40270906
40270917
40270991
40271121
40271155
40273507
40273611
40273751
40273834
40273840
40276270
40276288
40276292
40279104
40279115
40279144
40279242
40279449
40282054
40282101
40282285
40284760
40284790
40284809
40292853
40292908
40292960
40293103
40293442
40293496
40293538
40293761
40294027
40294150
40305441
40305524
40305737
40305801
40305960
40305971
40306039
40311736
40311821
40316532
40316645
40316782
40316842
40325153
40328640
40328851
40328928
40329094
40332567
40337058
40337063
40337087
40337099
40337163
40337274
40337335
40337385
40341541
40341852
40341890
40341909
40341997
40342012
40342030
40345335
40345501
40345579
40349543
40349555
40349561
40349641
40350060
40354034
40354110
40354150
40356511
40356548
40356576
40356599
40356650
40356665
40356738
40356749
40356771
40358906
40359035
40359102
40361679
40363653
40363884
40363901
40365841
40365919
40365979
40367789
40367802
40367809
40367825
40367953
40369808
40369845
40369965
40371780
40371820
40373583
40373672
40375538
40375563
40375571
40377299
40377321
40377330
40377342
40377348
40377360
40377463
40377482
40379131
40379240
40379255
40381024
40397188
40397341
40420860
40425478
40435261
40442388
40442580
40449193
40449417
40451087
40456662
40460673
40464949
40466858
40469702
40474892
40478001
40483868
40483970
40487687
40492185
40492192
40494227
40502945
40525569
40525580
40525651
40528323
40531623
40541045
40541077
40541089
40543638
40546077
40546136
40548307
40548318
40548346
40552833
40552874
40552964
40555061
40555096
40622886
40631248
40631249
40635640
42757042
42757052
42759684
42761151
42765769
42779813
42782065
42784841
42788118
42792667
42807255
42808994
42816818
42827703
42830898
42832021
42832050
42832115
42833112
43293764
43295298
43295362
43296805
43297711
43298357
43298985
43299588
43302474
43307057
43313664
43315778
43317374
43319699
43329249
43330235
43333055
43333738
43341507
43342934
43347644
43347706
43351751
43357024
43357049
43361863
43386804
43403835
43424707
43427439
43427687
43438993
43439869
43439885
43440831
50004173
50004177
50004211
50004212
50004213
50004214
50004215
50004365
50004731
50004737
50004772
50004945
50005005
50005006
50010609
50010615
50010632
50010633
50010634
50010637
50010638
50010639
50010641
50010643
50010645
50010646
50010648
50010649
50010883
50010895
50010903
50010911
50010920
50010932
50010936
50010941
50010944
50012399
50012406
50012407
50012408
50012415
50012416
50012417
50012418
50012419
50012424
50012436
50012451
50012462
50012465
50012466
50012468
50012471
50012476
50012593
50012597
50012606
50012608
50012630
50012631
50012632
50012633
50012635
50012638
50013175
50013985
50014002
50033825
50034011
50034056
50034673
50037489
50037492
50037493
50037494
50037497
50037503
50037505
50037506
50037515
50037516
50037518
50037524
50037527
50037528
50037530
50037531
50037536
50037537
50037542
50037546
50037550
50037557
50037560
50037562
50037564
50037565
50037568
50037572
50044107
50044110
50044123
50044127
50044128
50044193
50044208
50044215
50044221
50044238
50044283
50044308
50044315
50044342
50044365
50044391
50044417
50044428
50044451
50044483
50044486
50044530
50044544
50044558
50044583
50044593
50044601
50045339
50045437
50045486
50045490
50045496
50045500
50045542
50046197
50046243
50055378
50057358
50057362
50057363
50057400
50057577
50065528
50065530
50065538
50065546
50065548
50065561
50065569
50065574
50065595
50065602
50065604
50065606
50065608
50065626
50065628
50065637
50065646
50065648
50065649
50065655
50065671
50065689
50065705
50065720
50065721
50065732
50065733
50065740
50065749
50065752
50065765
50065778
50065784
50065786
50065791
50065793
50065794
50065803
50065826
50065827
50065828
50065836
50065863
50065879
50065884
50065888
50065894
50065895
50065896
50065903
50065907
50065931
50065935
50065937
50065938
50065962
50065968
50065995
50065999
50066007
50066010
50066015
50066022
50066038
50066041
50066049
50066052
50066053
50066055
50066060
50066066
50066072
50066094
50066097
50066101
50066106
50066149
50066150
50066157
50066181
50066192
50066193
50066200
50066205
50066209
50066213
50066214
50066223
50066224
50066228
50066243
50066245
50066248
50066253
50066261
50066270
50066273
50066277
50066280
50066292
50066295
50066299
50066300
50066317
50066322
50066326
50066340
50066341
50066344
50066348
50066350
50066364
50066367
50066375
50066378
50066379
50066395
50066400
50066406
50066418
50066431
50066438
50066441
50066442
60011562
60011574
60011578
60011581
60011583
60011584
60011585
60011586
60011587
60011588
60011589
60011591
60011592
60011595
60011596
60011597
60011599
60011600
60011603
60011605
60011608
60011610
60011615
60011617
60011620
60011621
60011622
60011625
60011626
60011627
60011628
60011629
60011631
60011635
60011636
60011641
60011642
60011653
60011657
60011662
60011666
60011669
60011671
60011677
60011683
60011695
60011698
60011701
60011704
60011713
60011718
60011728
60011780
60011783
60011791
60012341
60012343
60012348
60012350
60012352
60012354
60012356
60012362
60012365
60012366
60012367
60012370
60012371
60012373
60012376
60012377
60012378
60012379
60012381
60012384
60012385
60012388
60012389
60012391
60012392
60012394
60012401
60012404
60012406
60012408
60012410
60012411
60012413
60012416
60012417
60012802
60012847
60012849
60012938
60012941
60012943
60012945
60012954
60012959
60012960
60012962
60012963
60012966
60012969
60012973
