40026275
40026351
40026392
40026394
40026407
40026419
40026442
40026449
40026491
40026500
40026518
40026545
40026579
40026601
40026613
40026621
40026625
40026631
40026638
40026645
40026658
40026679
40026684
40026704
40026728
40026737
40026747
40026763
40026784
40026809
40026810
40026813
40026817
40026822
40026824
40026834
40026840
40026842
40026845
40026846
40026850
40026853
40026862
40026866
40026878
40026880
40026892
40026896
40026903
40026908
40026915
40026944
40027198
40027256
40027269
40027291
40027298
40027302
40027306
40027308
40027318
40027320
40027327
40027340
40027350
40027352
40027353
40027360
40027365
40027369
40027384
40027393
40027395
40027403
40027404
40027407
40027410
40027412
40027423
40027432
40027438
40027446
40027447
40027448
40027457
40027460
40027463
40027468
40027472
40027481
40027484
40027489
40027493
40027503
40027505
40027506
40027510
40027523
40027524
40027530
40027531
40027536
40027547
40027567
40027568
40027578
40027579
40027586
40027587
40027589
40027590
40027594
40027597
40027598
40027606
40027607
40027609
40027636
40027642
40027643
40027659
40027660
40027673
40027676
40027687
40027691
40027692
40027694
40027703
40027705
40027710
40027721
40027722
40027723
40027730
40027740
40027746
40027747
40027757
40027761
40027768
40027770
40027771
40027776
40027783
40027785
40027786
40027798
40027799
40027804
40027812
40027814
40027815
40027820
40027823
40027824
40027827
40027828
40027830
40027831
40027834
40027836
40027837
40027839
40027841
40027855
40027856
40027860
40027863
40027866
40027870
40027873
40027877
40027878
40027879
40027885
40027890
40027892
40027895
40027903
40027906
40027911
40027916
40027918
40027929
40027931
40027949
40027953
40027958
40027960
40027969
40027974
40027978
40027982
40027984
40027996
40027998
40028000
40028003
40028009
40028015
40028019
40028023
40028028
40028029
40028031
40028032
40028039
40028040
40028041
40028044
40028056
40028062
40028065
40028066
40028074
40028077
40028079
40028081
40028090
40028114
40028118
40028126
40028131
40028136
40028144
40028160
40028163
40028165
40028170
40028176
40028181
40028184
40028197
40028200
40028201
40028206
40028216
40028221
40028222
40028223
40028226
40028227
40028231
40028234
40028235
40028241
40028244
40028245
40028247
40028252
40028253
40028254
40028255
40028262
40028265
40028268
40028269
40028276
40028277
40028290
40028291
40028301
40028303
40028311
40028312
40028313
40028317
40028318
40028320
40028322
40028323
40028330
40028331
40028334
40028336
40028340
40028343
40028348
40028353
40028362
40028364
40028366
40028378
40028380
40028386
40028391
40028401
40028404
40028411
40028412
40028414
40028415
40028417
40028419
40028424
40028425
40028426
40028427
40028432
40028448
40028449
40028458
40028462
40028474
40028482
40028483
40028485
40028488
40028495
40028507
40028515
40028517
40028521
40028522
40028523
40028524
40028525
40028529
40028531
40028533
40028534
40028541
40028545
40028550
40028553
40028558
40028561
40028564
40028568
40028569
40028578
40028583
40028584
40028589
40028595
40028603
40028606
40028614
40028621
40028622
40028627
40028629
40028631
40028638
40028642
40028648
40028649
40028659
40028667
40028668
40028669
40028677
40028678
40028683
40028684
40028690
40028691
40028692
40028694
40028695
40028696
40028698
40028699
40028706
40028707
40028717
40028718
40028721
40028723
40028725
40028730
40028741
40028742
40028746
40028750
40028755
40028756
40028760
40028761
40028764
40028783
40028790
40028794
40028796
40028802
40028803
40028807
40028820
40028822
40028830
40028836
40028841
40028848
40028853
40028857
40028872
40028876
40028881
40028883
40028885
40028889
40028906
40028908
40028912
40028913
40028918
40028921
40028923
40028925
40028931
40028932
40028933
40028936
40028938
40028939
40028942
40028947
40028960
40028962
40028966
40028968
40028971
40028981
40028982
40028983
40028990
40028992
40028993
40029004
40029010
40029016
40029023
40029025
40029030
40029038
40029040
40029045
40029046
40029048
40029049
40029062
40029076
40029078
40029079
40029085
40029088
40029089
40029090
40029100
40029102
40029111
40029112
40029126
40029132
40029134
40029137
40029152
40029154
40029155
40029169
40029177
40029180
40029184
40029188
40029190
40029200
40029201
40029205
40029208
40029209
40029211
40029212
40029213
40029215
40029224
40029225
40029228
40029229
40029231
40029235
40029238
40029242
40029255
40029256
40029260
40029264
40029267
40029271
40029277
40029278
40029284
40029288
40029290
40029305
40029306
40029313
40029327
40029334
40029336
40029343
40029346
40029347
40029351
40029353
40029354
40029356
40029359
40029361
40029364
40029366
40029368
40029375
40029386
40029392
40029401
40029409
40029412
40029413
40029426
40029436
40029442
40029445
40029453
40029455
40029463
40029465
40029466
40029468
40029472
40029473
40029474
40029483
40029486
40029490
40029497
40029498
40029501
40029504
40029509
40029510
40029515
40029523
40029525
40029528
40029532
40029536
40029537
40029543
40029545
40029546
40029547
40029548
40029549
40029557
40029560
40029562
40029564
40029565
40029582
40029587
40029588
40029600
40029604
40029608
40029618
40029631
40029643
40029648
40029652
40029655
40029665
40029669
40029671
40029673
40029674
40029678
40029682
40029685
40029700
40029707
40029713
40029731
40029732
40036357
40036358
40036366
40036369
40036379
40036409
40036417
40036454
40036460
40036461
40036465
40036466
40036471
40036473
40036491
40036493
40036498
40036503
40036507
40036509
40036510
40036514
40036515
40036528
40036529
40036530
40036533
40036536
40036538
40036539
40036543
40036545
40036547
40036549
40036553
40036559
40036560
40036563
40036566
40036569
40036580
40036582
40036585
40036596
40036604
40036609
40036620
40036625
40036629
40036630
40036637
40036638
40036639
40036640
40036644
40036645
40036650
40036656
40036657
40036658
40036663
40036667
40036670
40036674
40036678
40036681
40036693
40036694
40036701
40036703
40036704
40036708
40036710
40036719
40036721
40036722
40036723
40036738
40036740
40036746
40036747
40036748
40036754
40036756
40036765
40036766
40036774
40036779
40036787
40036789
40036795
40036796
40036797
40036801
40036937
40037059
40037068
40037069
40037073
40037081
40037085
40037100
40037105
40037109
40037115
40037116
40037117
40037119
40037120
40037122
40037125
40037128
40037134
40037137
40037145
40037154
40037160
40037164
40037167
40037173
40037186
40037193
40037197
40037202
40037203
40037209
40037210
40037225
40037228
40037242
40037246
40037256
40037257
40037258
40037262
40037266
40037272
40037273
40037284
40037287
40037289
40037296
40037305
40037306
40037314
40037317
40037320
40037325
40037336
40037338
40037343
40037345
40037358
40037371
40037372
40043248
40043253
40043275
40043290
40043292
40043296
40043307
40043323
40043325
40043337
40043388
40043415
40043427
40043431
40043439
40043442
40043450
40043459
40043461
40043463
40043482
40043483
40043486
40043488
40043521
40043522
40043526
40043534
40043539
40043544
40043546
40043550
40043553
40043554
40043556
40043558
40043561
40043563
40043567
40043572
40043581
40043585
40043596
40043602
40043604
40043607
40043619
40043620
40043626
40043628
40043629
40043657
40043659
40043664
40043665
40043670
40043674
40043675
40043679
40043681
40043682
40043685
40043687
40043693
40043695
40043698
40043702
40043706
40043708
40043713
40043718
40043736
40043741
40043747
40043754
40043760
40043763
40043771
40043775
40043788
40043794
40043819
40043822
40043828
40043834
40043835
40043842
40043843
40043845
40043848
40043854
40043856
40043868
40043874
40043881
40043886
40043892
40043896
40043900
40043902
40043903
40043913
40043916
40043923
40043924
40043929
40043943
40043951
40043954
40043962
40043963
40043964
40075283
40075301
40075388
40075390
40075500
40075513
40075518
40075546
40075561
40075578
40075622
40075626
40075644
40075655
40075683
40075687
40075689
40075691
40075698
40075709
40075711
40075718
40075776
40075793
40075802
40075813
40075820
40075837
40075841
40075842
40075869
40075891
40075915
40075930
40075935
40075939
40075947
40075955
40075964
40075974
40075976
40075978
40075979
40075980
40076000
40076004
40076006
40076012
40076027
40076034
40076035
40076046
40076047
40076051
40076055
40076061
40076065
40076074
40076088
40076090
40076093
40076098
40076099
40076118
40076123
40076125
40076126
40076132
40076136
40076146
40076147
40076149
40076173
40076179
40076191
40076192
40076193
40076197
40076210
40076211
40076220
40076223
40076236
40076246
40076249
40076258
40076265
40076273
40076280
40076285
40076288
40076299
40076300
40076321
40076324
40076326
40076332
40076341
40076347
40076348
40076356
40076362
40076363
40076364
40076365
40076373
40076377
40076384
40076395
40076402
40076403
40076408
40076423
40076424
40076425
40076428
40076431
40076433
40076435
40076440
40076447
40076448
40076454
40076456
40076460
40076463
40076464
40076466
40076480
40076481
40076494
40076495
40076498
40076505
40076508
40076526
40076532
40076533
40076537
40076538
40076544
40076547
40076552
40076557
40076560
40076561
40076565
40076568
40076571
40076576
40076579
40076581
40076582
40076584
40076591
40076592
40076612
40076623
40076624
40076625
40076639
40076640
40076649
40076650
40076651
40076653
40076655
40076666
40076676
40076680
40076681
40076683
40076689
40076693
40076696
40076701
40076706
40076707
40076708
40076727
40076728
40076729
40076731
40076732
40076738
40076742
40076744
40076750
40076758
40076768
40076769
40076771
40076775
40076777
40076788
40076789
40076790
40076798
40076802
40076803
40076808
40076813
40076816
40076821
40076828
40076830
40076835
40076839
40076842
40076843
40076847
40076864
40076865
40076866
40076867
40076871
40076872
40076873
40076877
40076879
40076900
40076901
40076917
40076924
40076927
40076929
40076930
40076932
40076941
40076952
40076960
40076974
40076983
40076984
40076985
40076986
40076988
40076990
40076991
40077001
40077010
40077020
40077025
40077026
40077028
40077034
40077035
40077036
40077044
40077049
40077050
40077055
40077056
40077059
40077060
40077066
40077070
40077073
40077084
40077087
40077090
40077093
40077094
40077103
40077104
40077105
40077106
40077110
40077111
40077117
40077124
40077125
40077139
40077144
40077157
40077163
40077164
40077168
40077174
40077175
40077181
40077190
40077193
40077197
40077198
40077199
40077202
40077207
40077211
40077212
40077219
40077222
40077223
40077230
40077241
40077246
40077250
40077256
40077262
40077271
40077275
40077278
40077289
40077303
40077312
40077320
40077326
40077328
40077329
40077335
40077345
40077350
40077354
40077360
40077379
40077381
40077383
40077388
40077392
40077394
40077395
40077401
40077418
40077425
40077426
40077427
40077433
40077435
40077440
40077445
40077451
40077452
40077455
40077466
40077475
40077477
40077481
40077484
40077485
40077488
40077496
40077547
40077557
40077560
40077572
40077574
40077575
40077581
40077583
40077617
40077618
40077630
40077632
40077636
40077645
40077652
40077657
40077663
40077664
40077665
40077667
40077669
40077677
40077685
40077705
40077728
40077732
40077736
40077738
40077740
40077743
40077747
40077748
40077752
40077762
40077763
40077764
40077770
40077773
40077775
40077777
40077791
40077798
40077800
40077805
40077806
40077812
40077813
40077815
40077816
40077820
40077822
40077829
40077835
40077837
40077842
40077851
40077857
40077863
40077867
40077870
40077876
40077883
40077887
40077894
40077912
40077923
40077929
40077933
40077938
40077943
40077946
40077949
40077950
40077957
40077961
40077964
40077969
40077971
40077973
40077977
40077978
40077981
40077982
40077987
40077993
40078000
40078003
40078017
40078018
40078020
40078022
40078023
40078024
40078031
40078035
40078039
40078041
40078043
40078053
40078055
40078059
40078064
40078070
40078071
40078073
40078077
40078080
40078081
40078083
40078085
40078088
40078089
40078091
40078094
40078096
40078106
40078107
40078120
40078122
40078123
40078126
40078127
40078136
40078138
40078142
40078143
40078146
40078147
40078148
40078153
40078154
40078160
40078174
40078175
40078176
40078185
40078189
40078203
40078210
40078218
40078222
40078232
40078235
40078240
40078241
40078248
40078249
40078251
40078254
40078258
40078268
40078273
40078275
40078281
40078286
40078287
40078295
40078299
40078304
40078306
40078307
40078309
40078315
40078317
40078323
40078327
40078347
40078348
40078349
40078351
40078362
40078363
40078369
40078376
40078380
40078383
40078391
40078393
40078400
40078401
40078402
40078406
40078411
40078418
40078428
40078431
40078434
40078439
40078444
40078448
40078452
40078459
40078469
40078471
40078472
40078473
40078477
40078495
40078500
40078503
40078510
40078528
40078537
40078538
40078560
40078565
40078572
40078573
40078585
40078589
40078615
40078616
40078624
40078627
40078629
40078638
40078647
40078654
40078662
40078664
40078667
40078668
40078680
40078683
40078704
40078715
40078717
40078718
40078729
40078737
40078743
40078745
40078760
40078767
40078770
40078792
40078841
40078846
40078852
40078892
40078896
40078898
40078901
40078921
40078934
40078937
40078943
40078963
40078979
40078981
40078984
40078987
40078990
40078998
40078999
40079003
40079004
40079006
40079021
40079026
40079032
40079039
40079054
40079056
40079064
40079068
40079071
40079075
40079084
40079104
40079125
40079132
40079139
40079147
40079157
40087534
40087595
40087625
40087663
40087677
40087689
40087704
40087705
40087716
40087717
40087735
40087764
40087767
40087779
40087786
40087793
40087796
40087800
40087808
40087814
40087815
40087822
40087830
40087838
40087847
40087851
40087868
40087876
40087889
40087898
40087917
40087920
40087925
40087930
40087945
40087948
40087974
40087985
40087993
40088013
40088019
40088027
40088029
40088031
40088128
40088194
40088280
40088282
40088284
40088289
40088305
40088316
40088337
40088372
40088376
40088389
40088409
40088413
40088505
40088507
40088514
40088585
40088624
40088636
40088676
40088729
40093771
40093827
40093840
40093848
40093871
40093873
40093877
40093887
40093894
40093916
40093921
40093935
40093952
40093971
40093979
40093994
40094009
40094025
40094150
40094196
40094205
40094287
40094300
40094319
40094327
40094404
40094439
40094477
40094478
40094516
40094565
40099739
40099746
40099772
40099798
40099800
40099819
40099838
40099840
40099844
40099845
40099863
40099866
40099891
40099893
40099894
40099905
40099906
40099907
40099913
40099951
40099957
40099965
40099968
40099973
40100018
40100027
40100136
40100156
40100159
40100160
40100168
40100193
40100194
40100197
40100200
40100228
40100236
40100564
40100571
40100576
40100609
40100630
40100648
40100652
40103807
40103810
40103841
40103856
40103915
40103921
40103981
40104011
40104015
40104289
40104395
40104405
40104421
40104422
40104427
40107702
40107711
40107741
40107746
40107769
40107773
40107777
40108297
40108367
40108421
40108443
40108496
40111102
40111127
40111130
40111139
40111146
40111150
40111152
40111159
40111173
40111230
40111341
40111486
40111488
40111525
40111548
40111644
40114284
40114289
40114400
40114485
40114489
40114529
40119824
40119916
40119950
40123032
40123068
40123085
40123472
40126321
40126425
40126595
40126607
40126632
40129800
40132642
40132662
40132743
40135302
40135685
40137903
40138299
40140264
40140363
40140367
40142917
40143066
40143102
40145820
40148046
40148256
40148492
40148504
40150640
40152989
40153471
40166156
40166177
40166190
40166193
40166220
40166243
40166247
40166261
40166270
40166304
40166313
40166319
40166341
40166354
40166417
40166427
40166441
40166498
40166525
40166529
40166532
40166536
40166603
40166604
40166606
40166617
40166624
40166625
40166627
40166638
40166646
40166647
40166654
40166662
40166663
40166676
40166689
40166690
40166724
40166728
40166731
40166751
40166752
40166768
40166775
40166791
40166796
40166801
40166807
40166859
40166870
40166881
40166884
40166891
40166899
40166900
40166901
40166913
40166927
40166929
40166932
40166936
40166957
40166966
40166993
40167004
40167008
40167012
40167031
40167036
40167043
40167070
40167096
40167124
40167180
40167195
40167252
40167261
40167294
40167301
40167305
40167313
40167338
40167372
40167381
40167418
40167463
40167467
40167468
40167545
40167570
40167571
40167609
40167636
40167666
40167671
40167680
40167685
40167692
40167697
40167703
40167704
40167707
40167719
40167727
40167735
40167757
40167758
40167759
40167770
40171308
40171320
40171367
40171403
40171406
40171410
40171420
40171456
40171487
40171561
40171564
40171573
40171708
40171757
40171842
40171851
40171861
40171947
40171950
40171982
40172015
40172017
40172176
40175766
40175825
40175854
40175908
40175977
40176032
40176078
40176206
40176209
40176254
40176325
40176352
40176455
40179228
40179342
40179659
40179772
40179792
40182430
40182463
40182502
40182528
40182556
40182617
40185608
40185676
40185690
40185704
40185718
40185727
40185728
40185729
40185743
40185793
40185895
40185964
40188700
40188784
40188792
40188804
40188857
40189030
40189080
40189129
40191757
40191768
40191783
40191787
40191850
40191938
40191982
40194826
40194854
40194928
40194956
40195213
40198021
40198036
40198089
40198133
40198141
40198143
40198153
40198163
40198347
40198351
40198418
40198438
40198444
40198452
40198455
40198481
40198491
40198497
40198504
40198511
40198518
40198565
40198566
40198589
40200757
40200768
40200817
40201131
40203387
40203442
40206645
40206679
40206700
40206718
40206732
40206802
40206830
40206947
40209572
40209582
40209593
40209656
40209721
40209854
40209919
40209929
40209955
40210061
40210181
40212156
40212158
40212170
40212206
40212215
40214777
40214787
40215042
40215240
40217179
40217191
40217197
40217243
40217362
40217506
40219294
40219311
40219359
40223278
40223500
40226341
40226399
40226622
40228999
40232089
40232117
40232181
40232196
40232200
40232213
40232222
40232237
40232251
40232273
40232286
40232287
40232306
40232417
40232445
40232494
40235065
40235078
40235095
40235410
40238093
40240863
40241160
40243420
40243422
40243569
40243705
40243769
40243773
40245448
40247667
40250163
40250449
40252539
40252604
40252677
40252694
40252748
40254759
40257251
40257289
40257433
40259282
40259301
40259318
40259319
40259333
40259350
40261731
40261737
40261821
40262180
40264055
40264104
40264216
40266222
40266239
40266241
40266275
40266380
40268577
40271299
40279484
40282445
40282621
40294247
40294314
40294534
40294642
40295505
40307237
40307356
40307479
40308031
40312456
40325543
40329135
40332907
40332916
40332922
40332932
40332942
40332953
40332989
40337829
40337957
40338234
40342034
40342223
40345683
40345686
40345718
40345827
40345840
40345851
40345864
40345909
40345927
40345944
40346128
40346186
40350162
40350380
40350383
40350445
40354338
40356782
40356868
40356876
40359462
40361899
40362062
40366011
40366152
40366250
40368109
40368326
40368344
40371812
40375601
40375665
40375818
40377656
40379662
40381353
40381441
40397363
40397555
40426018
40426026
40432028
40432131
40435576
40440404
40442758
40442802
40447661
40484186
40484307
40492477
40525689
40525703
40525849
40541160
40546195
40546212
40548420
40555128
40557232
40626860
42759131
42763238
42764721
42775664
42778291
42781116
42794634
42794682
42805311
42813320
42821674
42822680
42828957
42828974
42831032
42831360
42832225
42833242
43290056
43291906
43292078
43294739
43295379
43297082
43302704
43304676
43323529
43324100
43335030
43356655
43369321
43370006
43384777
50004160
50004163
50004164
50004174
50004218
50004219
50004220
50004223
50004225
50004228
50004229
50004230
50004231
50004363
50004380
50004668
50004942
50004946
50004949
50004986
50005009
50005011
50005012
50006134
50010888
50010902
50010910
50010918
50010923
50010924
50010926
50010929
50010937
50011110
50011112
50011123
50011127
50011129
50011131
50011134
50011135
50011136
50011139
50011140
50011141
50011142
50011144
50011145
50011680
50012481
50012483
50012490
50012491
50012499
50012500
50012503
50012506
50012508
50012523
50012533
50012543
50012547
50012549
50012550
50012552
50012559
50012564
50012610
50012614
50012615
50013159
50013162
50013163
50013164
50013177
50014049
50035182
50035198
50035572
50035584
50035733
50035816
50035851
50035855
50035909
50035931
50035982
50036088
50036096
50036112
50036158
50036182
50036188
50036207
50036210
50036225
50036226
50036227
50036230
50036234
50036238
50036239
50036243
50036246
50036247
50036250
50036256
50036272
50036275
50036280
50036286
50036288
50036293
50036297
50036298
50036310
50037586
50037589
50037591
50037596
50037600
50037611
50037617
50037618
50037621
50037623
50037626
50037627
50037630
50037632
50037633
50044633
50044636
50044648
50044657
50044662
50044690
50044708
50044826
50044831
50044850
50044852
50044870
50044896
50044901
50044907
50044908
50044972
50044974
50044987
50044993
50045007
50045014
50045532
50045536
50045540
50045541
50045577
50045582
50045587
50045589
50045601
50045603
50045604
50045610
50045611
50045612
50045634
50045635
50045636
50045641
50045647
50045648
50045649
50045657
50045660
50045663
50045664
50045685
50045690
50045692
50045694
50045696
50045697
50045698
50045699
50045700
50045701
50045702
50045703
50045704
50045707
50045708
50045709
50045710
50045711
50045712
50045713
50046294
50046302
50046303
50046310
50046317
50046327
50046335
50046336
50046337
50055380
50057371
50057373
50057374
50057375
50057376
50057378
50057379
50057380
50057381
50057382
50057383
50057384
50057385
50057386
50057402
50057407
50057410
50057411
50057414
50057416
50057432
50057604
50066446
50066447
50066462
50066483
50066486
50066488
50066489
50066492
50066498
50066504
50066506
50066508
50066509
50066512
50066528
50066533
50066535
50066542
50066557
50066565
50066568
50066571
50066577
50066578
50066596
50066608
50066612
50066613
50066621
50066629
50066631
50066637
50066638
50066641
50066644
50066648
50066649
50066654
50066660
50066661
50066666
50066667
50066672
50066688
50066692
50066695
50066700
50066722
50066726
50066730
50066738
50066748
50066750
50066753
50066760
50066778
50066783
50066787
50066788
50066792
50066801
50066802
50066814
50066821
50066832
50066835
50066837
50066849
50066853
50066860
50066867
50066897
50066905
50066907
50066910
50066929
50066936
50066938
50066942
50066949
50066953
50066959
50066964
50066967
50066968
50066972
50066974
50066980
50066990
50066994
50066998
50067001
50067009
50067016
50067018
50067021
50067024
50067033
50067046
50067054
50067056
50067066
50067085
50067090
50067091
50067102
50067109
50067117
50067118
50067124
50067125
50067126
50067133
50067141
50067145
50067160
50067169
50067177
50067183
50067190
50067200
50067201
50067227
60011557
60011559
60011563
60011564
60011565
60011566
60011568
60011569
60011572
60011575
60011576
60011580
60011582
60011606
60011619
60011623
60011634
60011637
60011639
60011644
60011647
60011648
60011650
60011652
60011656
60011659
60011660
60011673
60011682
60011846
60011847
60011848
60011849
60011850
60011852
60011853
60011854
60011855
60011856
60011859
60011861
60011862
60011864
60011867
60011869
60011871
60011883
60011959
60012050
60012051
60012054
60012055
60012056
60012132
60012134
60012136
60012137
60012138
60012144
60012146
60012251
60012252
60012253
60012266
60012269
60012270
60012271
60012273
60012275
60012277
60012278
60012281
60012283
60012284
60012285
60012287
60012288
60012290
60012291
60012292
60012294
60012295
60012296
60012298
60012299
60012303
60012305
60012308
60012309
60012310
60012311
60012312
60012313
60012314
60012315
60012316
60012317
60012319
60012320
60012321
60012324
60012326
60012327
60012328
60012329
60012331
60012333
60012334
60012337
60012338
60012339
60012358
60012360
60012363
60012368
60012374
60012380
60012891
60012904
60012905
60012906
60012909
60012911
60012913
60012916
60012917
60012919
60012920
60012922
60012925
60012930
60012932
60012933
60012934
60012935
60012937
60012940
60012942
60012949
60012950
60012952
60012956
60012957
