40013285
40013305
40013309
40013335
40013426
40013473
40013497
40013517
40013531
40013634
40013641
40013646
40013651
40013668
40013704
40013777
40013779
40013832
40013855
40013895
40013950
40013989
40014008
40014117
40014119
40014148
40014166
40014198
40014244
40014247
40014340
40014342
40014349
40014366
40014472
40014481
40014507
40014570
40014585
40014602
40014609
40014670
40014671
40014715
40014730
40014768
40014774
40014786
40014789
40014814
40014889
40014909
40014950
40014956
40014957
40014969
40015036
40015063
40015164
40015167
40015178
40015193
40015196
40015275
40015285
40015289
40015310
40015318
40015397
40015428
40015448
40015461
40015492
40015549
40015645
40015672
40015673
40015684
40015716
40015802
40015881
40015891
40015945
40015956
40016031
40016037
40016054
40016122
40016155
40016172
40016174
40016201
40016220
40016282
40016345
40016355
40016461
40016498
40016500
40016584
40016645
40016649
40016679
40016695
40016718
40016736
40016823
40016860
40016867
40016891
40016948
40016991
40017030
40017059
40017063
40017077
40017080
40017097
40017105
40017129
40017139
40017151
40017187
40017230
40017246
40017282
40017348
40017360
40017394
40017417
40017455
40017502
40017518
40017543
40017644
40017645
40017669
40017693
40017729
40017774
40017809
40017871
40017872
40017884
40033194
40033251
40033384
40033408
40033550
40033552
40033562
40033571
40033614
40033740
40033804
40033964
40034022
40034048
40034062
40034120
40034139
40034156
40040444
40040446
40040463
40040469
40040658
40040685
40040690
40040716
40040739
40040748
40040751
40040828
40040909
40040968
40041009
40041036
40041054
40041143
40041150
40041200
40041218
40041366
40041395
40041444
40041448
40059790
40059849
40059858
40059913
40059947
40059957
40059973
40060054
40060055
40060074
40060098
40060129
40060274
40060304
40060332
40060384
40060391
40060451
40060558
40060654
40060655
40060663
40060694
40060774
40060790
40060847
40060852
40060866
40060913
40060932
40060941
40061000
40061017
40061020
40061057
40061097
40061203
40061260
40061272
40061297
40061317
40061348
40061379
40061450
40061501
40061502
40061531
40061533
40061538
40061571
40061641
40061650
40061687
40061738
40061802
40061867
40061880
40061902
40061971
40061981
40062060
40062065
40062152
40062166
40062198
40062211
40062213
40062226
40062313
40062317
40062332
40062347
40062349
40062375
40062405
40062424
40062463
40062493
40062515
40062526
40062551
40062591
40062640
40062691
40062700
40062710
40062743
40062759
40062820
40062851
40062873
40062876
40062910
40062912
40062915
40063018
40063030
40063094
40063102
40063117
40063139
40063246
40063268
40063287
40063288
40063303
40063319
40063375
40063399
40063420
40063453
40063469
40063508
40063542
40063550
40063557
40063578
40063584
40063596
40063597
40063646
40063653
40063670
40063682
40063740
40063753
40063801
40063807
40063825
40063885
40063894
40063899
40063966
40063970
40064079
40064162
40064174
40064182
40064302
40064303
40064323
40064338
40064348
40064398
40064399
40064424
40064465
40064479
40064481
40064490
40064492
40064535
40064543
40064559
40064586
40064592
40064609
40064677
40064754
40064770
40064775
40064785
40064836
40064896
40064914
40064919
40064931
40064983
40065033
40065051
40065053
40065163
40065185
40065204
40065219
40065255
40065281
40065296
40065305
40065340
40065365
40065400
40065413
40065437
40065439
40065492
40065505
40065523
40065576
40065599
40065685
40065703
40083613
40083670
40083800
40083821
40083899
40083936
40083972
40084012
40084077
40084132
40084173
40084249
40084319
40084403
40084433
40084434
40084477
40084494
40084548
40084587
40084602
40084671
40084686
40084730
40084782
40084786
40084813
40084897
40084917
40084951
40084972
40085078
40091350
40091364
40091383
40091419
40091424
40091433
40091444
40091458
40091477
40091508
40091521
40091523
40091530
40091533
40091535
40091539
40091576
40091591
40091601
40091614
40091687
40091820
40091867
40091869
40092180
40092230
40092268
40092327
40097244
40097266
40097269
40097327
40097339
40097352
40097379
40097426
40097450
40097525
40097534
40097577
40097612
40097624
40097845
40097873
40097896
40097985
40098014
40098044
40098081
40098097
40098200
40098221
40098257
40102201
40102226
40102319
40102325
40102396
40102412
40102435
40102731
40106141
40106161
40106162
40106175
40106176
40106182
40106209
40106286
40106293
40106300
40106304
40106376
40106454
40106473
40106565
40106594
40106605
40106677
40106772
40106823
40109815
40109882
40110026
40110225
40110277
40110318
40110395
40113055
40113081
40113096
40113330
40113397
40117730
40117740
40117745
40117748
40117760
40117765
40117773
40117774
40117775
40117781
40117782
40117785
40117786
40117789
40117793
40117795
40117801
40117804
40117805
40117811
40117828
40117837
40117839
40117845
40117848
40117850
40117851
40117853
40117858
40117866
40117872
40117874
40117875
40117877
40117880
40117882
40117883
40117891
40117892
40117893
40117912
40117926
40117933
40117936
40117945
40117967
40117968
40117979
40117987
40117988
40117989
40118005
40118008
40118011
40118023
40118032
40118044
40118051
40118080
40118093
40118098
40118133
40118146
40118159
40118160
40118173
40118184
40118187
40118207
40118215
40118220
40118244
40118249
40118271
40118276
40118290
40118296
40118302
40118313
40118323
40118332
40118344
40118357
40118387
40118392
40118394
40118397
40118409
40118418
40118436
40118442
40118447
40118449
40118450
40118452
40118468
40118491
40118492
40118498
40118524
40118528
40118535
40118541
40118545
40118555
40118556
40118557
40118560
40118563
40118568
40118573
40118581
40118583
40118609
40118613
40118645
40118658
40118677
40118684
40118685
40118692
40118697
40118698
40118700
40118705
40118720
40118724
40118727
40118733
40118739
40118740
40118755
40121771
40121804
40121821
40121845
40121916
40121969
40121980
40121998
40122089
40122163
40122181
40122309
40122384
40122386
40122423
40122459
40122470
40122476
40122492
40122494
40122497
40124956
40124968
40125038
40125046
40125110
40125219
40125276
40125315
40125381
40125454
40125481
40125502
40125531
40128188
40128195
40128219
40128223
40128224
40128238
40128247
40128267
40128282
40128314
40128385
40128428
40128559
40128610
40128720
40128755
40128794
40131280
40131366
40131651
40131711
40131714
40131865
40134114
40134166
40134189
40134190
40134444
40134471
40134531
40134641
40134647
40134702
40134720
40136769
40136805
40136825
40136964
40139371
40139414
40139619
40139638
40139692
40139730
40141765
40141784
40144248
40144591
40144679
40146966
40147008
40147013
40149457
40149465
40151850
40151903
40152002
40152216
40164119
40164276
40170075
40170274
40174453
40174465
40178404
40178419
40181440
40181521
40181524
40181598
40181641
40184534
40187676
40187686
40187752
40190844
40197063
40197101
40197192
40197273
40202658
40205308
40205487
40205497
40205551
40208752
40208867
40213965
40221720
40221734
40221989
40225321
40225434
40228125
40231059
40234026
40234121
40239967
40242465
40242552
40249209
40251605
40251617
40251708
40256492
40263284
40265533
40267689
40267776
40267815
40270163
40270312
40270324
40270337
40272892
40272922
40272946
40272965
40275720
40275792
40284117
40290202
40290274
40290376
40290707
40290747
40290839
40290846
40291017
40291101
40301962
40302013
40302270
40302376
40302632
40310427
40310689
40310721
40310786
40315353
40315625
40315642
40320019
40324160
40327756
40327794
40331709
40331856
40331876
40331880
40331882
40335643
40335681
40335730
40335816
40335821
40335834
40335863
40336042
40336050
40336142
40340603
40344474
40348630
40355860
40355987
40358465
40360890
40361013
40361029
40363312
40363327
40363344
40365397
40365423
40365433
40371288
40371333
40373295
40375094
40378816
40378887
40389053
40389064
40389088
40389089
40389126
40389135
40389158
40389162
40389181
40389185
40389199
40389200
40389224
40389229
40389231
40389232
40389241
40389242
40389245
40389284
40389320
40389321
40389334
40389338
40389349
40389371
40389390
40389399
40389420
40389421
40389424
40389428
40389431
40389443
40389448
40389454
40389455
40389467
40389470
40389475
40389488
40389526
40389527
40389531
40389535
40389549
40389552
40389563
40389577
40389586
40389588
40389593
40389602
40389614
40389618
40389634
40389638
40389646
40389653
40389657
40389673
40389677
40389687
40389694
40389696
40389700
40389704
40389709
40389728
40389758
40389767
40389771
40389814
40389826
40389829
40389836
40389867
40389874
40389902
40389908
40389915
40389916
40389921
40389922
40389950
40389980
40389985
40390018
40390028
40390031
40390043
40390046
40390056
40390070
40390072
40390075
40390076
40390079
40390084
40390087
40390095
40390097
40390110
40390125
40390126
40390131
40390133
40390165
40390176
40390182
40390197
40390199
40390207
40390210
40390215
40390219
40390227
40390240
40390242
40390250
40390251
40390270
40390279
40390282
40390287
40390289
40390307
40390319
40390324
40396036
40396048
40396062
40396073
40396121
40396135
40396139
40396376
40402500
40402701
40407464
40407472
40411098
40411109
40411344
40414664
40414731
40414827
40414830
40414899
40417754
40417872
40420433
40420442
40424287
40424312
40424370
40424373
40424507
40424518
40424578
40424641
40424674
40424688
40424697
40424724
40424746
40424781
40429674
40429759
40429969
40430046
40430185
40430202
40430282
40438775
40438915
40441944
40441948
40441950
40442103
40442109
40442129
40444272
40444405
40444410
40446743
40450726
40450755
40450773
40453322
40453350
40453352
40453354
40453446
40453452
40453499
40453510
40453515
40453545
40458193
40464461
40464530
40466449
40466498
40469003
40469194
40469202
40469212
40469245
40469294
40473307
40473349
40473588
40473652
40473658
40477022
40477043
40477177
40477266
40483292
40483296
40483306
40483332
40483358
40483458
40483551
40485626
40487379
40489607
40489632
40489657
40489662
40491821
40491835
40499388
40499439
40499658
40525012
40525067
40525177
40527791
40537381
40540511
40545820
40554433
40554503
40554518
40655795
41935099
41935116
41935140
41935317
41935860
41935867
41935875
41935915
41935927
41936960
41936961
41936964
41937356
41937365
41937742
41938137
41938140
41938256
41938491
41938567
41938895
41938900
41939236
41939506
41939516
41939544
41939566
41939801
41939813
41939845
41940130
41940178
41940379
41940386
41940395
41941527
41941537
41941586
41941827
41942143
41942171
41943595
41943607
41943832
41943833
41944139
41944388
41944869
41946000
41946389
41946394
41946705
41946713
41947442
41947779
41947785
41948105
41948657
41948669
41948670
41948676
41948936
41949903
41953371
41953748
41954682
41954689
41955209
41955212
41955213
41955219
41955223
41955350
41955365
41955845
41955853
41955857
41955876
41956202
41956680
41956688
41957036
41957995
41958003
41958015
41958049
41958824
41958963
41958968
41962089
41962482
41962674
41963209
41963659
41965010
41965077
41965268
41965288
41965696
41965730
41968369
41968781
41969152
41970097
41970101
41970811
41970816
41971175
41971214
41971878
41972264
41972292
41974665
41975341
41975678
41976062
41976401
41991036
42010138
42013852
42014768
42014790
42038008
42039348
42039395
42040041
42052928
42060976
42066526
42071987
42074292
42077770
42087714
42091239
42091272
42092228
42095126
42100855
42103756
42107834
42108825
42110107
42122081
42124078
42126080
42134536
42300449
42300829
42302571
42305369
42324503
42495456
42497809
42500744
42504480
42507677
42701845
42702710
42704092
42839331
42844687
42852096
43130831
43130886
43164784
43164944
43288630
43294996
43296474
43301480
43324424
43332151
43338428
43357539
43380941
43382224
43388975
43470045
43480705
43496615
50004093
50004193
50004195
50004234
50004247
50004248
50004475
50004478
50004489
50004493
50004495
50004504
50004512
50004517
50004717
50004719
50006061
50012285
50012622
50012624
50012665
50012667
50012670
50012671
50012672
50012693
50012695
50012696
50012697
50012698
50012699
50013187
50013188
50013194
50013195
50013196
50014103
50029972
50029980
50030016
50030154
50030164
50030193
50030256
50030269
50030293
50030329
50030346
50030395
50030407
50030556
50030641
50030694
50030838
50030863
50030992
50031036
50031073
50031142
50031230
50031245
50031260
50031365
50031392
50031437
50031529
50031686
50031696
50031702
50031736
50031762
50031766
50031801
50037243
50037249
50037262
50037270
50037275
50037295
50037300
50037314
50037320
50037330
50037334
50037337
50037352
50037356
50042796
50042813
50042861
50042889
50042899
50042900
50042965
50043009
50043018
50043045
50043078
50043108
50043111
50043118
50043133
50043157
50043182
50043250
50043276
50043380
50043447
50043458
50043482
50046693
50046695
50046696
50046697
50046703
50046713
50046714
50046715
50046716
50046717
50046718
50047177
50047178
50047181
50047183
50047184
50047186
50047187
50047188
50047189
50047190
50047191
50047192
50047193
50047194
50047196
50047207
50047209
50047210
50047211
50047212
50047213
50047214
50047215
50047216
50047217
50047218
50047219
50047220
50047221
50047227
50047229
50047237
50047238
50047239
50047240
50047241
50047242
50047243
50047244
50047245
50047246
50047247
50047253
50047254
50057331
50057334
50057524
50057525
50063707
50063713
50063730
50063751
50063755
50063783
50063784
50063795
50063799
50063812
50063849
50063852
50063860
50063862
50063865
50063888
50063893
50063895
50063916
50063926
50063943
50063950
50063961
50063962
50063985
50063994
50063996
50064022
50064043
50064044
50064049
50064058
50064102
50064103
50064108
50064111
50064124
50064129
50064138
50064151
50064184
50064209
50064223
50064255
50064263
50064271
50064288
50064289
50064294
50064304
50064310
50064317
50064321
50064346
50064350
50064355
50064363
50064380
50064391
50064408
50064418
50064467
50064486
50064501
50064514
50064528
50064531
50064536
50064538
50064544
50064555
50064558
50064570
50064580
50064584
50064588
50064592
50064609
50064619
50067248
60009747
60009748
60009749
60009750
60009751
60009753
60009757
60009759
60009760
60009761
60009762
60009763
60009766
60009769
60009771
60009773
60009774
60009775
60009776
60009777
60009778
60009779
60009780
60009781
60009782
60009783
60009784
60009785
60009786
60009787
60009788
60009789
60009790
60009791
60009792
60009793
60009794
60009795
60009796
60009797
60009798
60009799
60009801
60009802
60009803
60009804
60009806
60009807
60009808
60009810
60009815
60009818
60009820
60009824
60009825
60009827
60009830
60009831
60009839
60009843
60009844
60009846
60009847
60009851
60009856
60009858
60009859
60009860
60009864
60009865
60009866
60009867
60009871
60009873
60009878
60009879
60009880
60009882
60009883
60009884
60009886
60009888
60009889
60009890
60009894
60009903
60009904
60009920
60009961
60009964
60009969
60009970
60009978
60009989
60009990
60009996
60009997
60010007
60010015
60010018
60010022
60010025
60010031
60010038
60010041
60010043
60010044
60010045
60010051
60010055
60010059
60010134
60010198
60010203
60010204
60010218
60010235
60010239
