40015175
40015242
40015288
40015335
40015344
40015354
40015355
40015380
40015406
40015414
40015415
40015434
40015460
40015477
40015491
40015496
40015523
40015527
40015529
40015548
40015568
40015574
40015576
40015577
40015604
40015616
40015629
40015632
40015635
40015640
40015670
40015671
40015677
40015681
40015692
40015698
40015703
40015719
40015729
40015733
40015735
40015748
40015759
40015766
40015771
40015775
40015792
40015815
40015823
40015826
40015829
40015843
40015844
40015847
40015860
40015863
40015877
40015892
40015928
40015940
40015967
40015968
40015970
40015975
40015977
40015987
40015991
40015999
40016001
40016006
40016012
40016014
40016023
40016040
40016044
40016046
40016049
40016051
40016055
40016056
40016059
40016081
40016085
40016087
40016090
40016096
40016112
40016116
40016128
40016147
40016184
40016188
40016190
40016194
40016195
40016203
40016204
40016209
40016210
40016239
40016250
40016266
40016275
40016286
40016289
40016290
40016302
40016303
40016332
40016340
40016347
40016352
40016357
40016360
40016362
40016363
40016371
40016375
40016384
40016391
40016394
40016399
40016404
40016416
40016429
40016430
40016439
40016441
40016442
40016472
40016475
40016503
40016513
40016518
40016533
40016541
40016544
40016545
40016556
40016559
40016564
40016573
40016581
40016597
40016615
40016623
40016634
40016639
40016644
40016651
40016652
40016657
40016674
40016677
40016678
40016706
40016723
40016739
40016747
40016758
40016760
40016765
40016768
40016770
40016785
40016792
40016795
40016807
40016810
40016815
40016821
40016851
40016854
40016861
40016868
40016876
40016879
40016880
40016884
40016898
40016903
40016908
40016917
40016929
40016956
40017000
40017006
40017020
40017034
40017040
40017058
40017064
40017076
40017086
40017087
40017099
40017109
40017110
40017116
40017131
40017142
40017149
40017166
40017169
40017190
40017193
40017205
40017220
40017225
40017262
40017273
40017274
40017278
40017288
40017289
40017325
40017334
40017342
40017346
40017362
40017365
40017386
40017414
40017442
40017447
40017454
40017463
40017469
40017481
40017489
40017492
40017494
40017497
40017504
40017507
40017509
40017536
40017560
40017568
40017585
40017590
40017617
40017629
40017635
40017642
40017643
40017651
40017655
40017666
40017668
40017682
40017684
40017685
40017689
40017695
40017716
40017719
40017726
40017736
40017753
40017765
40017768
40017773
40017778
40017789
40017812
40017826
40017832
40017877
40017912
40017930
40017936
40017947
40017956
40017959
40017962
40017963
40017974
40017993
40017994
40018004
40018017
40018022
40018034
40018035
40018041
40018048
40018052
40018056
40018074
40018078
40018079
40018100
40018106
40018114
40018120
40018126
40018134
40018136
40018148
40018153
40018158
40018167
40018178
40018180
40018194
40018199
40018205
40018227
40018230
40018233
40018259
40018263
40018266
40018267
40018277
40018285
40018286
40018292
40018294
40018313
40018320
40018332
40018338
40018352
40018359
40018366
40018369
40018373
40018374
40018387
40018399
40018406
40018410
40018416
40018427
40018430
40018439
40018451
40018453
40018462
40018486
40018487
40018497
40018498
40018512
40018520
40018525
40018532
40018552
40018557
40018576
40018580
40018585
40018593
40018604
40018605
40018617
40018623
40018627
40018632
40018639
40018653
40018698
40018707
40018718
40018727
40018728
40018729
40018743
40018745
40018771
40018799
40018808
40018817
40018820
40018853
40018856
40018881
40018902
40018925
40018940
40018968
40018970
40018978
40019010
40019015
40019016
40019041
40019042
40019043
40019046
40019050
40019078
40019083
40019096
40019102
40019107
40019112
40019113
40019121
40019138
40019165
40019173
40019174
40019176
40019186
40019221
40019222
40019225
40019227
40019257
40019271
40019275
40019286
40019287
40019293
40019294
40019307
40019309
40019311
40019341
40019343
40019353
40019356
40019361
40019373
40019377
40019379
40019384
40019390
40019402
40019414
40019415
40019429
40019433
40019437
40019441
40019462
40019479
40019482
40019499
40019501
40019507
40019509
40019513
40019541
40019545
40019556
40019613
40019623
40019640
40019660
40019661
40019678
40019680
40019688
40019693
40019695
40019723
40019724
40019729
40019749
40019752
40019764
40019768
40019771
40019779
40019780
40019823
40019831
40019839
40019841
40019850
40019854
40019855
40019857
40019873
40019874
40019878
40019880
40019895
40019906
40019917
40019971
40020010
40020013
40020027
40020036
40020040
40020069
40020074
40020080
40020093
40020102
40020104
40020126
40020139
40020140
40020153
40020162
40020181
40020200
40020237
40020242
40020249
40020259
40020262
40020269
40020279
40020287
40020296
40020302
40020304
40020316
40020323
40020335
40020341
40020346
40020355
40020365
40020367
40020368
40020386
40020392
40020397
40020403
40020404
40020410
40020413
40020414
40020415
40020424
40020425
40020427
40020450
40020454
40020480
40020484
40020488
40020502
40020503
40020507
40020512
40020517
40020519
40020540
40020553
40020556
40020571
40020578
40020584
40020595
40020602
40020605
40020615
40020634
40020646
40020656
40020657
40020666
40020667
40020669
40020676
40020687
40020720
40020760
40020771
40020820
40033479
40033508
40033515
40033564
40033570
40033576
40033579
40033588
40033595
40033604
40033646
40033656
40033659
40033681
40033697
40033716
40033724
40033726
40033743
40033751
40033756
40033764
40033776
40033793
40033799
40033834
40033862
40033872
40033902
40033908
40033924
40033951
40033969
40033971
40033975
40033981
40033988
40033999
40034005
40034011
40034015
40034017
40034040
40034059
40034077
40034081
40034093
40034103
40034125
40034128
40034130
40034136
40034143
40034165
40034173
40034174
40034183
40034194
40034195
40034208
40034213
40034225
40034230
40034233
40034235
40034241
40034267
40034287
40034293
40034315
40034345
40034353
40034366
40034372
40034373
40034374
40034381
40034387
40034396
40034397
40034426
40034433
40034450
40034452
40034457
40034464
40034479
40034489
40034492
40034515
40034521
40034542
40034578
40034582
40034598
40034599
40034604
40034630
40034644
40034649
40034660
40034672
40034673
40034689
40034690
40034692
40034705
40034713
40034722
40034741
40034767
40034769
40034774
40034821
40034823
40034825
40034836
40034867
40034875
40034886
40034895
40034936
40034938
40034947
40034949
40034954
40034988
40034995
40035002
40035013
40040742
40040762
40040788
40040797
40040811
40040813
40040840
40040877
40040886
40040893
40040908
40040939
40040940
40040975
40040989
40040990
40041005
40041008
40041012
40041019
40041047
40041053
40041068
40041078
40041096
40041110
40041117
40041122
40041126
40041133
40041141
40041155
40041156
40041157
40041178
40041183
40041187
40041193
40041195
40041199
40041205
40041206
40041207
40041221
40041225
40041249
40041256
40041278
40041298
40041300
40041310
40041324
40041333
40041356
40041357
40041363
40041364
40041382
40041384
40041388
40041406
40041409
40041419
40041432
40041440
40041447
40041450
40041470
40041477
40041481
40041507
40041524
40041526
40041530
40041539
40041565
40041583
40041587
40041593
40041614
40041629
40041645
40041648
40041664
40041666
40041677
40041679
40041682
40041685
40041737
40041738
40041774
40041789
40041843
40041850
40041854
40041862
40041877
40041878
40041886
40041889
40041897
40041900
40041922
40041943
40041949
40041966
40042019
40042033
40042059
40062626
40062650
40062660
40062661
40062662
40062685
40062706
40062727
40062771
40062782
40062814
40062828
40062846
40062858
40062862
40062866
40062867
40062881
40062885
40062888
40062904
40062921
40062922
40062929
40062940
40062960
40062967
40062978
40063000
40063014
40063015
40063027
40063040
40063047
40063055
40063057
40063060
40063071
40063072
40063092
40063107
40063141
40063153
40063154
40063168
40063184
40063185
40063205
40063208
40063218
40063261
40063266
40063289
40063290
40063301
40063320
40063329
40063345
40063353
40063365
40063366
40063374
40063381
40063391
40063392
40063396
40063406
40063412
40063430
40063440
40063461
40063474
40063499
40063519
40063526
40063546
40063551
40063585
40063602
40063603
40063614
40063627
40063659
40063681
40063688
40063689
40063694
40063704
40063706
40063716
40063717
40063736
40063738
40063777
40063781
40063789
40063804
40063809
40063812
40063814
40063815
40063841
40063842
40063844
40063869
40063919
40063949
40063956
40063993
40064004
40064012
40064037
40064041
40064045
40064046
40064054
40064066
40064077
40064086
40064101
40064111
40064121
40064145
40064151
40064205
40064232
40064246
40064255
40064262
40064270
40064297
40064308
40064316
40064317
40064331
40064343
40064356
40064366
40064371
40064376
40064382
40064464
40064467
40064469
40064480
40064482
40064483
40064506
40064523
40064534
40064573
40064575
40064584
40064591
40064593
40064595
40064604
40064612
40064620
40064640
40064648
40064664
40064666
40064670
40064680
40064685
40064686
40064725
40064737
40064757
40064797
40064808
40064830
40064841
40064903
40064910
40064918
40064934
40064935
40064960
40064972
40064977
40065008
40065032
40065036
40065037
40065065
40065082
40065090
40065092
40065096
40065107
40065115
40065135
40065146
40065149
40065150
40065151
40065178
40065184
40065196
40065215
40065218
40065233
40065247
40065248
40065259
40065265
40065294
40065301
40065311
40065333
40065337
40065350
40065360
40065386
40065401
40065431
40065442
40065443
40065453
40065465
40065471
40065472
40065476
40065491
40065510
40065515
40065519
40065525
40065536
40065544
40065557
40065566
40065567
40065568
40065593
40065649
40065666
40065684
40065696
40065702
40065709
40065717
40065722
40065735
40065740
40065765
40065768
40065771
40065788
40065790
40065811
40065819
40065839
40065846
40065847
40065851
40065855
40065863
40065880
40065883
40065902
40065907
40065908
40065927
40065950
40065961
40065986
40065990
40065996
40066010
40066015
40066020
40066028
40066032
40066040
40066062
40066064
40066103
40066141
40066146
40066148
40066164
40066176
40066183
40066212
40066214
40066246
40066289
40066306
40066314
40066333
40066343
40066345
40066348
40066355
40066381
40066401
40066414
40066422
40066424
40066437
40066447
40066450
40066472
40066508
40066543
40066550
40066588
40066599
40066631
40066634
40066645
40066678
40066679
40066696
40066699
40066701
40066707
40066711
40066713
40066715
40066728
40066739
40066759
40066770
40066789
40066797
40066798
40066834
40066851
40066855
40066867
40066891
40066892
40066896
40066903
40066906
40066920
40066927
40066940
40066942
40066964
40066981
40066983
40067041
40067053
40067074
40067075
40067083
40067089
40067095
40067117
40067118
40067128
40067133
40067170
40067177
40067179
40067208
40067218
40067236
40067245
40067247
40067253
40067257
40067258
40067274
40067283
40067291
40067294
40067299
40067315
40067335
40067355
40067376
40067393
40067398
40067450
40067492
40067530
40067531
40067533
40067554
40067559
40067569
40067571
40067576
40067585
40067595
40067642
40067643
40067644
40067658
40067665
40067693
40067708
40067721
40067722
40067729
40067736
40067753
40067766
40067767
40067770
40067771
40067792
40067798
40067799
40067813
40067866
40067871
40067933
40067963
40067991
40067992
40068026
40068041
40068050
40068051
40068057
40068065
40068069
40068072
40068074
40068107
40068112
40068159
40068177
40068187
40068199
40068209
40068211
40068222
40068227
40068239
40068245
40068254
40068257
40068270
40068283
40068288
40068313
40068325
40068348
40068358
40068364
40068370
40068381
40068382
40068390
40068391
40068405
40068409
40068425
40068429
40068430
40068460
40068482
40068483
40068487
40068529
40068548
40068553
40068570
40068571
40068581
40068596
40068642
40068689
40068727
40068733
40084269
40084317
40084322
40084328
40084330
40084358
40084373
40084379
40084382
40084384
40084387
40084426
40084429
40084445
40084466
40084469
40084488
40084495
40084550
40084556
40084603
40084659
40084660
40084685
40084694
40084705
40084744
40084753
40084758
40084764
40084769
40084770
40084800
40084852
40084853
40084869
40084874
40084883
40084889
40084903
40084938
40084979
40085013
40085022
40085028
40085053
40085089
40085139
40085180
40085191
40085196
40085199
40085215
40085235
40085251
40085259
40085265
40085284
40085291
40085355
40085391
40085393
40085396
40085398
40085418
40085427
40085464
40085473
40085482
40085486
40085517
40085607
40085612
40085622
40085626
40085632
40085641
40085653
40085684
40085708
40085745
40085777
40085798
40085825
40091547
40091570
40091574
40091577
40091691
40091715
40091718
40091726
40091753
40091756
40091765
40091776
40091810
40091819
40091839
40091861
40091890
40091893
40091930
40091937
40091946
40091948
40091952
40091962
40091965
40091976
40091982
40092016
40092025
40092031
40092037
40092041
40092062
40092073
40092087
40092108
40092121
40092122
40092137
40092142
40092162
40092174
40092186
40092193
40092194
40092198
40092216
40092226
40092234
40092263
40092298
40092310
40092330
40092337
40092340
40092351
40092374
40092411
40092425
40092433
40092449
40092451
40092452
40092460
40092475
40092489
40092495
40092535
40092583
40092611
40092620
40092622
40092641
40092657
40092685
40092688
40092698
40092700
40092717
40092732
40092734
40092736
40092756
40092766
40092816
40092888
40097518
40097523
40097555
40097564
40097574
40097588
40097594
40097598
40097609
40097611
40097643
40097648
40097687
40097706
40097725
40097729
40097739
40097777
40097789
40097793
40097799
40097805
40097813
40097828
40097837
40097859
40097866
40097867
40097879
40097880
40097887
40097892
40097893
40097894
40097902
40097906
40097908
40097919
40097922
40097923
40097929
40097939
40097945
40097959
40097969
40097977
40098025
40098041
40098089
40098099
40098126
40098138
40098161
40098166
40098171
40098173
40098181
40098185
40098201
40098206
40098222
40098225
40098226
40098234
40098249
40098267
40098276
40098285
40098299
40098310
40098318
40098320
40098334
40098365
40098369
40098376
40098383
40098386
40098395
40098418
40098426
40098435
40098465
40098472
40098475
40098483
40098495
40098513
40098523
40098543
40098608
40098614
40098633
40098639
40098655
40098657
40098664
40098665
40098736
40098753
40098847
40102384
40102413
40102414
40102427
40102438
40102456
40102470
40102472
40102504
40102527
40102530
40102537
40102545
40102553
40102554
40102565
40102591
40102604
40102612
40102627
40102659
40102672
40102674
40102681
40102687
40102695
40102719
40102721
40102724
40102725
40102727
40102742
40102752
40102766
40102799
40102805
40102808
40102820
40102833
40102840
40102841
40102851
40102897
40102898
40102900
40102922
40102947
40102984
40102996
40103018
40103024
40103046
40103056
40103063
40103098
40103125
40103134
40103205
40106342
40106348
40106370
40106386
40106393
40106395
40106405
40106407
40106412
40106420
40106445
40106465
40106467
40106468
40106478
40106500
40106520
40106536
40106570
40106575
40106596
40106617
40106625
40106647
40106649
40106667
40106668
40106674
40106685
40106708
40106711
40106716
40106718
40106793
40106798
40106803
40106806
40106809
40106816
40106820
40106828
40106829
40106830
40106834
40106836
40106841
40106852
40106869
40106870
40106884
40106897
40106907
40106908
40106914
40106939
40106967
40106976
40106998
40107004
40107013
40107030
40107044
40107046
40107051
40107088
40107167
40107171
40109875
40109896
40109919
40109920
40109922
40109939
40109956
40109989
40109998
40110030
40110031
40110034
40110043
40110066
40110095
40110105
40110122
40110131
40110155
40110165
40110198
40110220
40110228
40110234
40110241
40110243
40110261
40110286
40110306
40110312
40110323
40110354
40110360
40110370
40110400
40110405
40110409
40110419
40110430
40110456
40110457
40110485
40110500
40110520
40110531
40110536
40110545
40110559
40110561
40110563
40110577
40110595
40110623
40113092
40113119
40113134
40113137
40113146
40113175
40113208
40113249
40113262
40113269
40113287
40113295
40113305
40113323
40113349
40113361
40113379
40113388
40113394
40113401
40113410
40113426
40113438
40113473
40113477
40113491
40113540
40113548
40113557
40113571
40113573
40113575
40113606
40113607
40113616
40113626
40113644
40113655
40113704
40113747
40113764
40113781
40113785
40113786
40113787
40118061
40118158
40118368
40118370
40118486
40118515
40118525
40118577
40118592
40118614
40118620
40118638
40118642
40118659
40118667
40118710
40118775
40118793
40118827
40118833
40118901
40118913
40122053
40122055
40122058
40122112
40122134
40122215
40122366
40122430
40122451
40122526
40122530
40122556
40125171
40125270
40125380
40125474
40125482
40125515
40128404
40128462
40128538
40128657
40128687
40128717
40128827
40128834
40128838
40128845
40128854
40128861
40128929
40131525
40131546
40131577
40131656
40131682
40131734
40131766
40131826
40131846
40131871
40131908
40131984
40131996
40132003
40132007
40134342
40134586
40134626
40134634
40134656
40134662
40134676
40134698
40134732
40134734
40134788
40134797
40134879
40136989
40137017
40137028
40137055
40137069
40137117
40137122
40137152
40137163
40137280
40137322
40137324
40137362
40137397
40137444
40137457
40137464
40139465
40139467
40139514
40139516
40139564
40139591
40139601
40139604
40139627
40139636
40139656
40139668
40139691
40139720
40139728
40139761
40139860
40141919
40142047
40142243
40144536
40144583
40144633
40144642
40144658
40144684
40144698
40144728
40144775
40144821
40144830
40144879
40144882
40144954
40147227
40147235
40147243
40147251
40147261
40147308
40147347
40147360
40147385
40147403
40147488
40147497
40147574
40147610
40149590
40149694
40149746
40149861
40149868
40149969
40149971
40149972
40149983
40150039
40152121
40152169
40152193
40152219
40152222
40152238
40152294
40152304
40152443
40152520
40152565
40155242
40155261
40155289
40155292
40155293
40155302
40155316
40155317
40155321
40155325
40155337
40155343
40155352
40155362
40155366
40155372
40155379
40155380
40155385
40155389
40155396
40155399
40155400
40155401
40155406
40155416
40155420
40155436
40155446
40155449
40155457
40155461
40155491
40155508
40155515
40155525
40155527
40155529
40155537
40155541
40155543
40157812
40157833
40157850
40157859
40157886
40157896
40157905
40157929
40157930
40157969
40157973
40157980
40158010
40158046
40158069
40160164
40160196
40160216
40160221
40160235
40160264
40160266
40160291
40160321
40160360
40164455
40164478
40164483
40164491
40164504
40164505
40164515
40164517
40164535
40164553
40164564
40164565
40164566
40164578
40164594
40164604
40164621
40164625
40164626
40164627
40164645
40164657
40164659
40164684
40164691
40164699
40164703
40164709
40164713
40164718
40164723
40164725
40164728
40164751
40164752
40164757
40164789
40164792
40164793
40164806
40164840
40164847
40164855
40164857
40164858
40164860
40164878
40164879
40164884
40164886
40164923
40164940
40164959
40164967
40164969
40164972
40164973
40165012
40165031
40165034
40165054
40165058
40165073
40165099
40165116
40165130
40165149
40165153
40165156
40165157
40165348
40170137
40170150
40170242
40170264
40170268
40170270
40170291
40170315
40170317
40170359
40170367
40170381
40170402
40170418
40170423
40170428
40170467
40170472
40174509
40174512
40174522
40174618
40174628
40174631
40174637
40174642
40174666
40174674
40174678
40174684
40174698
40174699
40174700
40174728
40174755
40174759
40174784
40174849
40174855
40174864
40174874
40174884
40174903
40176010
40178447
40178449
40178450
40178469
40178470
40178478
40178487
40178491
40178512
40178551
40178556
40178571
40179356
40181549
40181561
40181572
40181608
40181634
40181642
40181658
40181663
40181667
40181668
40181698
40181725
40181743
40181745
40181797
40184683
40184687
40184688
40184697
40184707
40184726
40184740
40184752
40184763
40184784
40184790
40184829
40184836
40184859
40184887
40184889
40184910
40185827
40187818
40187820
40187835
40187837
40187863
40187870
40187886
40187947
40187965
40187988
40188027
40190917
40190998
40191009
40191041
40191052
40191053
40191056
40191058
40191099
40191106
40191139
40193992
40194024
40194070
40194091
40194139
40194149
40194167
40194177
40197271
40197358
40197399
40197414
40197503
40200059
40200102
40200127
40202636
40202667
40202682
40202695
40202709
40202717
40202736
40202746
40202811
40205417
40205432
40205476
40205513
40205524
40205529
40205531
40205545
40205694
40206838
40208799
40208815
40208863
40208945
40208965
40208990
40208991
40211506
40211518
40213997
40214043
40214083
40214094
40214253
40214271
40216489
40216504
40216506
40216519
40216612
40216676
40218826
40219366
40219367
40221848
40221850
40221867
40221873
40221886
40221889
40221948
40221958
40221967
40222003
40222023
40222049
40222051
40222067
40222088
40222098
40222150
40222154
40225386
40225402
40225409
40225461
40225484
40225542
40225600
40228240
40228257
40228262
40228359
40228367
40228385
40229048
40231100
40231114
40231117
40231135
40231183
40231192
40231212
40231219
40231272
40231273
40234106
40234128
40234133
40234134
40234138
40234139
40234141
40234187
40234199
40234205
40234206
40234322
40234339
40234348
40234468
40237171
40237195
40237202
40237223
40237248
40237346
40237357
40237383
40239996
40240005
40240007
40240019
40240023
40240043
40240059
40240067
40240092
40240171
40240200
40240245
40242572
40242590
40242616
40242661
40242723
40242742
40242779
40244763
40244818
40244881
40244911
40244958
40246869
40246878
40246886
40246887
40246896
40246898
40246973
40249362
40249374
40249400
40249427
40249438
40249465
40249501
40249507
40249518
40251880
40253968
40253973
40254065
40254090
40254109
40254161
40254179
40256470
40256479
40256532
40256538
40256544
40256561
40256565
40258658
40258711
40258718
40258738
40258760
40258846
40258966
40260928
40260957
40261036
40261068
40261099
40263329
40263331
40263420
40263458
40263486
40263490
40263524
40263533
40265528
40265735
40267752
40267755
40267764
40267812
40267839
40267847
40267857
40267875
40267879
40270268
40270280
40270289
40270309
40270317
40270338
40270395
40270450
40270555
40271341
40273002
40273033
40273104
40273119
40273128
40273222
40273260
40273266
40273271
40275784
40275789
40275801
40275848
40275868
40275922
40275938
40276006
40276014
40276165
40278428
40278447
40278462
40278482
40278515
40278530
40278591
40278610
40278725
40278754
40279680
40281447
40281520
40281543
40281561
40281594
40281626
40281633
40281640
40281650
40281699
40282699
40284173
40284227
40284253
40290835
40290838
40290845
40290861
40290872
40290877
40290878
40290880
40290882
40290895
40290898
40290908
40290919
40290921
40290929
40290942
40290954
40291003
40291004
40291031
40291064
40291066
40291086
40291087
40291093
40291123
40291125
40291127
40291128
40291131
40291146
40291162
40291163
40291179
40291184
40291195
40291196
40291197
40291204
40291205
40291207
40291208
40291211
40291224
40291227
40291235
40291252
40291262
40291269
40291270
40291274
40291280
40291283
40291292
40291295
40291303
40291321
40291332
40291336
40291337
40291338
40291347
40291354
40291369
40291376
40291377
40291382
40291400
40291408
40291421
40291425
40291439
40291448
40291462
40291466
40291471
40291474
40291491
40291494
40291499
40291503
40291527
40291528
40291551
40291566
40291573
40291578
40291580
40291584
40291586
40291612
40291620
40291622
40291627
40291644
40291645
40291650
40291652
40291676
40291677
40291691
40291694
40291697
40291698
40291704
40291706
40291708
40291713
40291718
40291720
40291725
40291734
40291744
40291753
40291765
40291783
40291803
40291887
40302262
40302276
40302290
40302297
40302336
40302344
40302346
40302382
40302383
40302384
40302392
40302405
40302408
40302415
40302422
40302428
40302429
40302432
40302433
40302441
40302444
40302461
40302463
40302483
40302488
40302491
40302503
40302505
40302508
40302520
40302526
40302552
40302554
40302559
40302575
40302576
40302589
40302590
40302599
40302600
40302601
40302606
40302609
40302617
40302625
40302631
40302634
40302642
40302654
40302655
40302662
40302667
40302676
40302690
40302694
40302696
40302701
40302703
40302704
40302727
40302728
40302732
40302752
40302761
40302765
40302778
40302782
40302784
40302805
40302807
40302827
40302833
40302837
40302853
40302859
40302863
40302866
40302878
40302887
40302893
40302912
40302916
40302937
40302944
40302958
40302959
40302960
40302968
40302970
40302971
40302983
40302988
40302994
40302999
40303010
40303012
40303017
40303018
40303025
40303026
40303043
40303048
40303055
40303063
40303070
40303083
40303100
40303102
40303103
40303114
40303115
40303117
40303119
40303123
40303125
40303128
40303137
40303139
40303152
40303168
40303173
40303178
40303186
40303189
40303197
40303200
40303218
40303220
40303222
40303226
40303234
40303251
40303252
40303289
40303291
40303297
40303310
40303311
40303313
40303323
40303336
40303343
40303346
40303351
40303352
40303374
40303379
40303388
40303394
40303395
40303410
40303411
40303416
40303418
40303429
40303452
40303467
40303468
40303475
40303482
40303489
40303496
40303525
40303534
40303544
40303558
40303565
40303573
40303596
40303608
40303611
40303633
40303638
40303654
40303657
40303680
40303689
40303695
40303697
40303728
40304201
40310662
40310674
40310682
40310703
40310709
40310715
40310738
40310745
40310747
40310753
40310756
40310776
40310783
40310784
40310812
40310851
40310859
40310870
40310876
40310877
40310883
40310884
40310901
40310907
40310908
40310922
40310937
40310942
40310966
40310975
40310985
40310992
40310997
40310998
40311002
40311005
40311016
40311017
40311018
40311037
40311042
40311059
40315444
40315469
40315470
40315517
40315539
40315596
40315618
40315620
40315631
40315634
40315645
40315652
40315657
40315658
40315700
40315740
40315749
40315770
40315782
40315794
40315803
40315852
40315855
40315862
40315874
40315890
40315955
40315969
40319918
40319925
40319927
40319935
40319941
40319945
40319952
40319953
40319963
40319978
40319985
40319988
40319993
40320001
40320006
40320024
40320038
40320039
40320041
40320051
40320053
40320057
40320100
40320110
40320114
40320116
40320121
40320130
40320132
40320136
40320143
40320144
40320145
40320161
40320172
40320181
40320183
40320184
40320190
40320195
40320217
40320219
40320238
40320247
40320269
40320271
40320275
40320278
40320282
40320292
40320307
40320309
40320331
40320332
40324004
40324032
40324041
40324049
40324053
40324063
40324068
40324070
40324095
40324096
40324103
40324104
40324114
40324115
40324126
40324130
40324131
40324145
40324146
40324153
40324159
40324170
40324171
40324178
40324179
40324185
40324188
40324193
40324201
40324202
40324203
40324205
40324212
40324213
40324221
40324224
40324225
40324235
40324237
40324241
40324247
40324268
40324280
40324281
40324323
40324363
40324398
40327855
40327857
40327871
40327874
40327877
40327889
40327893
40327896
40327897
40327902
40327905
40327914
40327927
40327937
40327946
40327951
40327965
40327979
40327983
40327992
40327995
40328005
40328012
40328033
40328038
40328056
40328061
40328069
40328072
40328078
40328080
40328081
40328087
40328123
40328127
40328164
40328177
40328181
40328199
40328207
40328218
40328239
40331770
40331779
40331791
40331815
40331846
40331858
40331859
40331873
40331877
40331879
40331886
40331888
40331889
40331890
40331893
40331895
40331913
40331917
40331942
40331949
40331964
40331978
40331987
40331988
40331997
40332002
40332003
40332039
40332042
40332055
40332056
40332059
40332069
40332074
40332076
40332122
40335957
40335962
40335967
40335972
40335979
40335986
40335991
40335998
40336010
40336012
40336015
40336027
40336058
40336066
40336081
40336088
40336113
40336116
40336117
40336119
40336133
40336152
40336156
40336162
40336165
40336166
40336210
40336217
40336224
40336226
40336248
40336296
40336307
40336313
40336381
40336399
40336414
40336426
40336442
40340520
40340532
40340537
40340542
40340551
40340555
40340579
40340581
40340589
40340623
40340637
40340647
40340651
40340666
40340703
40340718
40340730
40340731
40340749
40340763
40340767
40340776
40340780
40340782
40340791
40340849
40340860
40340864
40340884
40340913
40340916
40340919
40340928
40340932
40340958
40340967
40340974
40340988
40341394
40344484
40344529
40344533
40344570
40344571
40344608
40344610
40344617
40344667
40344675
40344680
40344689
40344693
40344750
40344764
40344767
40344781
40344793
40344812
40344819
40344822
40344826
40344842
40344853
40344877
40348629
40348658
40348696
40348699
40348700
40348719
40348735
40348739
40348754
40348755
40348765
40348783
40348789
40348792
40348825
40348841
40348856
40348893
40348906
40348918
40348945
40348947
40348966
40348979
40348987
40348991
40348994
40349008
40349025
40349033
40349062
40349149
40352871
40352900
40352916
40352922
40352936
40352939
40352949
40352958
40353009
40353015
40353021
40353038
40353039
40353049
40353065
40353106
40353120
40353126
40353130
40353136
40353156
40353163
40353177
40353197
40353200
40353201
40353202
40353209
40353221
40353222
40353224
40353234
40353240
40353241
40353267
40353286
40353296
40353302
40353310
40353675
40356038
40356052
40356056
40356083
40356092
40356095
40356101
40356123
40356130
40356136
40356158
40356182
40356185
40356189
40356235
40356243
40358409
40358430
40358492
40358526
40358535
40358547
40358599
40358614
40358637
40360931
40360940
40360955
40360957
40360968
40360985
40360998
40361001
40361009
40361049
40361053
40361075
40361106
40361131
40361149
40361189
40361193
40363526
40363545
40365498
40365595
40365612
40367476
40367553
40367557
40367593
40367633
40369484
40369516
40369569
40369627
40373289
40373308
40373393
40373434
40375204
40377016
40377038
40377042
40377077
40378856
40380758
40389747
40389757
40389761
40389763
40389822
40389838
40389897
40389963
40389965
40389987
40390021
40390045
40390268
40390277
40390284
40390312
40390318
40390400
40390407
40390437
40390464
40390466
40390471
40390486
40390512
40390617
40390662
40390698
40396200
40396201
40396208
40396213
40396214
40396261
40396274
40396292
40396324
40396337
40396355
40396418
40396439
40396519
40396528
40396529
40396657
40402695
40402697
40402723
40402732
40402756
40402770
40402800
40402801
40402831
40402834
40402840
40402848
40402864
40402865
40402937
40402951
40402954
40402987
40402993
40403046
40403057
40403105
40403106
40403110
40403139
40403194
40403223
40403266
40403303
40403309
40403322
40403361
40403420
40403454
40403803
40407562
40407694
40411241
40411246
40411259
40411277
40411296
40411308
40411364
40411373
40411396
40411481
40411531
40411535
40411605
40411609
40411617
40414912
40414936
40414951
40414971
40415078
40415092
40415098
40415148
40415162
40415337
40417828
40417835
40417839
40417846
40417853
40417932
40417935
40417952
40417955
40418077
40420394
40420402
40420406
40420410
40420414
40420419
40420451
40420469
40420521
40420528
40420562
40420595
40424520
40424536
40424544
40424585
40424611
40424625
40424655
40424716
40424739
40424747
40424780
40424811
40424821
40424823
40424898
40424925
40424929
40424961
40424971
40424975
40425002
40430139
40430144
40430162
40430167
40430172
40430174
40430181
40430195
40430205
40430214
40430222
40430243
40430274
40430298
40430414
40430425
40430433
40430449
40430463
40430468
40430516
40430521
40430543
40430546
40430577
40430581
40430616
40430635
40430637
40430666
40430672
40430680
40430955
40434478
40434601
40434603
40434612
40434618
40434620
40434695
40434724
40434726
40434727
40434764
40434775
40438779
40438827
40438828
40438851
40438889
40438904
40438944
40438949
40438974
40438992
40439010
40439040
40439050
40439069
40439073
40439146
40442053
40442062
40442117
40442150
40442215
40444384
40444415
40444416
40444472
40444476
40444491
40444492
40444504
40446724
40446803
40446815
40446820
40446895
40448934
40448970
40449017
40450782
40450832
40450838
40450861
40450924
40453536
40453568
40456048
40456193
40458246
40458347
40460367
40464525
40464544
40464572
40466493
40469267
40469288
40469298
40469302
40469342
40469349
40469396
40469467
40469522
40473442
40473452
40473463
40473466
40473500
40473630
40473661
40473667
40473680
40473714
40473719
40473724
40473739
40473803
40473804
40473811
40473845
40473857
40473885
40473886
40477175
40477203
40477210
40477252
40477274
40477320
40477377
40477393
40477492
40477496
40479790
40479808
40479838
40479868
40479884
40479894
40479924
40479977
40480084
40480086
40483478
40483545
40483578
40483594
40483720
40485873
40487358
40487366
40487396
40487453
40487482
40489833
40491931
40491951
40493970
40495848
40634687
40634692
40634699
40634711
40634743
40634749
40634785
40634798
40634812
40634820
40634829
40634840
40634852
40634856
40634875
40634881
40634890
40634911
40634951
40634957
40634961
40638491
40638495
40638500
40638527
40638533
40638545
40638547
40638560
40638561
40638581
40638593
40638598
40638600
40638604
40638674
40638747
40638752
40638759
40638760
40638814
40638865
40638951
40638954
40638957
40639089
40639099
40639226
40639229
40639236
40639238
40639254
40641105
40641123
40641330
40641345
40641346
40641359
40641360
40641374
40641376
40641383
40641386
40641387
40641398
40641406
40641412
40641413
40641418
40641419
40641421
40641422
40641423
40641445
40641508
40641513
40641516
40641518
40641543
40641592
40641626
40641642
40641690
40641691
40641727
40641807
40641827
40645461
40645613
40645747
40645832
40645870
40645881
40645884
40645888
40645892
40645898
40645904
40645923
40645925
40645928
40645930
40645936
40645963
40645970
40645978
40645986
40645987
40645996
40645999
40646005
40646006
40646007
40646008
40646019
40646023
40646027
40646028
40646034
40646062
40646070
40646091
40648704
40648742
40648751
40648774
40648922
40648929
40648956
40648959
40648961
40648987
40649009
40649012
40649025
40649031
40649046
40649048
40649050
40649053
40649054
40649062
40649079
40649087
40649089
40649095
40651236
40651242
40651243
40651244
40651246
40651251
40651253
40651255
40651262
40651263
40651265
40651266
40651272
40651273
40651280
40651281
40651288
40651291
40651292
40651295
40651499
40651507
40651509
40651524
40651527
40651528
40651552
40651565
40651569
40651572
40651573
40651574
40651582
40651583
40651584
40651586
40651589
40651590
40655944
40655951
40656035
40656319
40656332
40656341
40656358
40656361
40656387
40656439
40656447
40656507
40656513
40656548
40656550
40656561
40656566
40656592
40656595
40656596
40656602
40656608
40656619
40656627
40656631
40656641
40656644
40656645
40656647
40658613
40658621
40658623
40658627
40658628
40658633
40658636
40658637
40658645
40658756
40658773
40658868
40658892
40658904
40658909
40658914
40658920
40658922
40658923
40658928
40658938
40658943
40658950
40658951
40658959
40658971
40658972
40658978
40658982
40658985
40658987
40658990
40658991
40658992
40658993
40658994
40658995
40659000
40659013
40659035
40660917
40660926
40660940
40660948
40660959
40660976
40661010
40661072
40661073
40661198
40661210
40661219
40661222
40661233
40661238
40661259
40666172
40666187
40666194
40666260
40666278
40666294
40666307
40666330
40666337
40666339
40666347
40666371
40666373
40666377
40666381
40666382
40666385
40666413
40666421
40666430
40666439
40666468
40666470
40666475
40666502
40666519
40666542
40666544
40666550
40666558
40666570
40666593
40666608
40666641
40666651
40666713
40748756
40748891
40748911
40748998
40749004
40749019
40749046
40749121
40749134
40749140
40749151
40749157
40749158
40749193
40749215
40749225
40749231
40749232
40749240
40749247
40749263
40749279
40749324
40749334
40749336
40749367
40749384
40749386
40749393
40749445
40749449
40749450
40749454
40749460
40749464
40749465
40749470
40749483
40749488
40749491
40749495
40749505
40749512
40749530
40749531
40749533
40749539
40749542
40749551
40749560
40749565
40749566
40749567
40749574
40749584
40749592
40749604
40749605
40749616
40749618
40749620
40749621
40749622
40749624
40749632
40749642
40749675
40749677
40749687
40749689
40749695
40749696
40749698
40749699
40749700
40749704
40749711
40749723
40749724
40749725
40749728
40749729
40749736
40749737
40749738
40749739
40749740
40749748
40749751
40749752
40749758
40749768
40749769
40749778
40749781
40749782
40749788
40749799
40749805
40749806
40749810
40749818
40749825
40749849
40749851
40749867
40749868
40749871
40749877
40749891
40749899
40749900
40749901
40749902
40749912
40749925
40749926
40749927
40749928
40749929
40749931
40749935
40749936
40749948
40749950
40749951
40749954
40749957
40749964
40749968
40749971
40749974
40749975
40749987
40749992
40749998
40750001
40750002
40750006
40750011
40750015
40750019
40750024
40750027
40750032
40750034
40750041
40750042
40750047
40750048
40750051
40750059
40750073
40750076
40750077
40750080
40750087
40750089
40750097
40750099
40750100
40750101
40750110
40750112
40750113
40750122
40750127
40750135
40750143
40750153
40750168
40750170
40750176
40750189
40750195
40750202
40750211
40750213
40750219
40750221
40750222
40750227
40750228
40750232
40750233
40750234
40750237
40750243
40750247
40750250
40750253
40750256
40750264
40750266
40750268
40750269
40750275
40750278
40750281
40750285
40750290
40750293
40750294
40750295
40750303
40750304
40750310
40750311
40750317
40750323
40750324
40750327
40750328
40750339
40750344
40750347
40750355
40750356
40750357
40750361
40750366
40750367
40750368
40750372
40750376
40750381
40750386
40750392
40750400
40750410
40750411
40750415
40750423
40750430
40750436
40750441
40750443
40750451
40750452
40750453
40750454
40750513
40750527
40750538
40750539
40750560
40750562
40750569
40750572
40750574
40750577
40750578
40750579
40750587
40750591
40750600
40750603
40750607
40750610
40750614
40750641
40750642
40750660
40750678
40750695
40750702
40750704
40750714
40750718
40750726
40750740
40750742
40750754
40750757
40750770
40750777
40750782
40750785
40750796
40750800
40750801
40750805
40750806
40750808
40750809
40750810
40750815
40750816
40750818
40750819
40750820
40750825
40750829
40750831
40750833
40750834
40750836
40750840
40750841
40750845
40750847
40750848
40750857
40750862
40750863
40750877
40750886
40750894
40750901
40750903
40750906
40750913
40750919
40750920
40750932
40750940
40750960
40750961
40750962
40750963
40750978
40750979
40750981
40750982
40750987
40750989
40750991
40750998
40751002
40751003
40751004
40751005
40751009
40751011
40751014
40751020
40751024
40751029
40751030
40751031
40776908
40776989
40777004
40777025
40777032
40777035
40777042
40777047
40777053
40777058
40777063
40777067
40777102
40777135
40777147
40777151
40777163
40777165
40777166
40777170
40777178
40777203
40777205
40777232
40777242
40777250
40777270
40777271
40777280
40777283
40777290
40777297
40777302
40777310
40777311
40777318
40777321
40777341
40777349
40777356
40777370
40777378
40777379
40777385
40777389
40777396
40777406
40777411
40777421
40777430
40777435
40777438
40777442
40777448
40777450
40777458
40777473
40777474
40777483
40777486
40777490
40777491
40777501
40777504
40777527
40777538
40777552
40777556
40777573
40777578
40777591
40777592
40777594
40777595
40777603
40777609
40777624
40777627
40777641
40777644
40777651
40777652
40777653
40777659
40777665
40777666
40777678
40777691
40777697
40777716
40777727
40777728
40777735
40777740
40777746
40777763
40777780
40777784
40777802
40777806
40777808
40777813
40777824
40777831
40777843
40777860
40777862
40777872
40777877
40777910
40777921
40777923
40777924
40777930
40777966
40777972
40777974
40777985
40778006
40778009
40778014
40778021
40794839
40794855
40794893
40794911
40794935
40794940
40794942
40794983
40794987
40794994
40795006
40795011
40795031
40795040
40795046
40795050
40795102
40795109
40795112
40795131
40795141
40795142
40795146
40795155
40795156
40795162
40795163
40795181
40795187
40795203
40795207
40795208
40795209
40795212
40795246
40795250
40795271
40795278
40795279
40795281
40795284
40795286
40795293
40795296
40795302
40795318
40795323
40795325
40795328
40795331
40795335
40795345
40795346
40795355
40795372
40795385
40795392
40795405
40795430
40795443
40795461
40795475
40795477
40795484
40795516
40795520
40795528
40795529
40795533
40803975
40804034
40804041
40804070
40804071
40804075
40804076
40804092
40804095
40804100
40804103
40804109
40804124
40804141
40804154
40804155
40804160
40804166
40804180
40804185
40804188
40804204
40804208
40804209
40804229
40804246
40804308
40804319
40804335
40804343
40804346
40804352
40804379
40804382
40804384
40804388
40811973
40811989
40812017
40812048
40812059
40812079
40812086
40812091
40812109
40812112
40812116
40812125
40812137
40812143
40812147
40812154
40812177
40812184
40812233
40812236
40812254
40812282
40812290
40812292
40812294
40812310
40812318
40812322
40812340
40812342
40812363
40812371
40812386
40816807
40816828
40816829
40816846
40816848
40816867
40816869
40816886
40816890
40816892
40816922
40816942
40816950
40816959
40816989
40816995
40817000
40817006
40817014
40817055
40817107
40824594
40824603
40824622
40824637
40824642
40824687
40824692
40824695
40824700
40824706
40824712
40824720
40824723
40824738
40824745
40824759
40824761
40824762
40824775
40824790
40824832
40824838
40824867
40824909
40824915
40824934
40824936
40824957
40824976
40824997
40825000
40834983
40835011
40835020
40835037
40835046
40835055
40835078
40835080
40835090
40835093
40835107
40835129
40835140
40835148
40835153
40835163
40835194
40835213
40835228
40835241
40835246
40835297
40835301
40835311
40835320
40835325
40835345
40835361
40835376
40835428
40835466
40835484
40844286
40844331
40844363
40844403
40844404
40844427
40844430
40844464
40844476
40844480
40844505
40844511
40844515
40844535
40844544
40844558
40844564
40844577
40844589
40844601
40844602
40844610
40844663
40844671
40844703
40844718
40844734
40844768
40852476
40852508
40852512
40852513
40852543
40852563
40852571
40852599
40852604
40852610
40852613
40852614
40852619
40852620
40852650
40852651
40852671
40852682
40852689
40852696
40852701
40852710
40852726
40852736
40852759
40852767
40852785
40852802
40852810
40852814
40852818
40852846
40852862
40862834
40862876
40862883
40862892
40862911
40862928
40862953
40862973
40862984
40862985
40863005
40863010
40863019
40863021
40863036
40863048
40863058
40863069
40863076
40863086
40863087
40863091
40863103
40863106
40863113
40863118
40863119
40863126
40863132
40863160
40863187
40863194
40863198
40863208
40863210
40863233
40863254
40863256
40863277
40863286
40863290
40863312
40863322
40863324
40863334
40863346
40863392
40863398
40872046
40872049
40872060
40872065
40872121
40872122
40872127
40872142
40872145
40872147
40872155
40872161
40872166
40872181
40872195
40872215
40872232
40872241
40872247
40872249
40872269
40872279
40872292
40872356
40872363
40872367
40872380
40872383
40872390
40872395
40872402
40879490
40879514
40879537
40879538
40879577
40879588
40879596
40879597
40879615
40879623
40879625
40879658
40879671
40879702
40879737
40879780
40879785
40879789
40879806
40879824
40879825
40879834
40879869
40888272
40888303
40888304
40888314
40888365
40888386
40888395
40888403
40888416
40888426
40888432
40888444
40888453
40888459
40888467
40888488
40888508
40888544
40888547
40888554
40888559
40888565
40888572
40888577
40888587
40888589
40888599
40888617
40888682
40896497
40896583
40896589
40896591
40896613
40896616
40896636
40896648
40896685
40896696
40896699
40896718
40896719
40896723
40896773
40896816
40896834
40896849
40896858
40896865
40896866
40896875
40896884
40901623
40901674
40901677
40901709
40901727
40901753
40901761
40901762
40901786
40901787
40901796
40901805
40901849
40901851
40901858
40907436
40907466
40907481
40907483
40907489
40907494
40907546
40907597
40907613
40907623
40907638
40907639
40907652
40907667
40907683
40907684
40907689
40907690
40907693
40907701
40912600
40912636
40912657
40912685
40912695
40912750
40912758
40912778
40912843
40912860
40912882
40919126
40919143
40919148
40919157
40919206
40919230
40919231
40919243
40919249
40919252
40919260
40919268
40919272
40919307
40919317
40919329
40919332
40919337
40919357
40919358
40919372
40919392
40919407
40919409
40923532
40923571
40923613
40923617
40923622
40923630
40923654
40923662
40923663
40923669
40926828
40926834
40926855
40926856
40926859
40926866
40926927
40926945
40926949
40926952
40926978
40930441
40930452
40930466
40930493
40930497
40930501
40930502
40930507
40930509
40930513
40930531
40930562
40930589
40934691
40934768
40934780
40934804
40934811
40934814
40934841
40934842
40934844
40934889
40934895
40934918
40934927
40934949
40934956
40934958
40934969
40937595
40937603
40937617
40937620
40937639
40937674
40937681
40937727
40937735
40937745
40937776
40937779
40937788
40937802
40941621
40941653
40941663
40941679
40941700
40941744
40941771
40941803
40941843
40941870
40944944
40944948
40944978
40945015
40945016
40945079
40945102
40945136
40945151
40945162
40948930
40948932
40949012
40949026
40949029
40949047
40949102
40949106
40949123
40951175
40951256
40951272
40951275
40951276
40953427
40953456
40953470
40953490
40953522
40953523
40953541
40953544
40957860
40957888
40957903
40957929
40957948
40957953
40957976
40957977
40958010
40958040
40958057
40960806
40960815
40960823
40960827
40960852
40960861
40960891
40965083
40965091
40965129
40965150
40965154
40968232
40968242
40968307
40968372
40971669
40971728
40974148
40974150
40974171
40974173
40976806
40980276
40980318
40980335
40980360
40980413
40980439
40980454
40982841
40982941
40985864
40985918
40985923
40987759
40987773
40987774
40987785
40987849
40989575
40989627
40989638
40991548
40991585
40991615
40991617
40991666
40991667
40991673
40993465
40993513
40993535
40993539
40993544
40993545
40993560
40993591
40993655
40995466
40995471
40995482
40995484
40995489
40995511
40995560
40995603
40995619
40995634
40997720
40997721
40997726
40997748
40997775
40997781
40997799
40997803
40997837
40997843
40997845
40999761
40999765
40999855
40999901
41001962
41001968
41003689
41003720
41003761
41003765
41005404
41005440
41005491
41007884
41008017
41010804
41010817
41010841
41014252
41014312
41014340
41017845
41017922
41017966
41021708
41021715
41021759
41021771
41021787
41021797
41024290
41024315
41025926
41027487
41027491
41027507
41027538
41029108
41030067
41030116
41030135
41031147
41032867
41032870
41032871
41034113
41034139
41034269
41036368
41036399
41036409
41036506
41036546
41039122
41039220
41039265
41039274
41039295
41039319
41042307
41042312
41042314
41043545
41043611
41044803
41045772
41045784
41045828
41046748
41046755
41047926
41049843
41050821
41052201
41052205
41052221
41052252
41052257
41052262
41056157
41056207
41058494
41058495
41062569
41062579
41062586
41062617
41063457
41063508
41064552
41064582
41064626
41065590
41065627
41065636
41065679
41067408
41068202
41068227
41068246
41069019
41069088
41069889
41069911
41070648
41070672
41071416
41071423
41073677
41074399
41074412
41075133
41076554
41077267
41078179
41079771
41081412
41082156
41083018
41084625
41084636
41084645
41085392
41086145
41086154
41086847
41087540
41088170
41088178
41088187
41088837
41089526
41089528
41089532
41090162
41090837
41094228
41094967
41095804
41095900
41095913
41097479
41097503
41098291
41098314
41099157
41099164
41099218
41099221
41100023
41100732
41100756
41101493
41102204
41102945
41103730
41103747
41103762
41104465
41105207
41105221
41109922
41111359
41111371
41111999
41112068
41112760
41113386
41114052
41114650
41114678
41115943
41117089
41119827
41119851
41119878
41120426
41120427
41120434
41120447
41122369
41122432
41122438
41123054
41123795
41124393
41125056
41125075
41125090
41125651
41125674
41126247
41127323
41127352
41127889
41127932
41128493
41128511
41129005
41129008
41129570
41129611
41130191
41130201
41130861
41131994
41132495
41132522
41133075
41133621
41134219
41134221
41134803
41135978
41135981
41136018
41136039
41136603
41136604
41143547
41145727
41145735
41145904
41147524
41147634
41149009
41149019
41149029
41153200
41154343
41154358
41155535
41156606
41156631
41161304
41161318
41166864
41166918
41166934
41166935
41166938
41166940
41166952
41166957
41166961
41166963
41166967
41166968
41166969
41166972
41166974
41166975
41166977
41166981
41166983
41166985
41166986
41166988
41166994
41166995
41166996
41166997
41166999
41167002
41167010
41167013
41167018
41167019
41167025
41167027
41167035
41167040
41167046
41167055
41167066
41167074
41167084
41167090
41167094
41167097
41167103
41167104
41167105
41167111
41167115
41167128
41167136
41167169
41167179
41167191
41167196
41167197
41167201
41167220
41167224
41167226
41167227
41167234
41167248
41167254
41167262
41167265
41167293
41167298
41167311
41167335
41167336
41167348
41169608
41169628
41169654
41169656
41169663
41169668
41169670
41169678
41169730
41169757
41169764
41169781
41169790
41172007
41172054
41172109
41172121
41172122
41172146
41172153
41172168
41172169
41172186
41172224
41172226
41172231
41172240
41174103
41174146
41174164
41174171
41174178
41174189
41174195
41174235
41174270
41174276
41174300
41174311
41174313
41174318
41174320
41174328
41175892
41175935
41175949
41175983
41176040
41176053
41176059
41176073
41176085
41176089
41176092
41176108
41176113
41176118
41177359
41177390
41177409
41177489
41177497
41177517
41177527
41177536
41177540
41177565
41177578
41177580
41179953
41179965
41179979
41179984
41180018
41180061
41180071
41180075
41180109
41182066
41182087
41182108
41182192
41182205
41182221
41182257
41184472
41184487
41184515
41184587
41184592
41184599
41187120
41187130
41187145
41189785
41189804
41189838
41189844
41189848
41189929
41192197
41198119
41201027
41201121
41201170
41201186
41201223
41201227
41203156
41203176
41203177
41203204
41205243
41205251
41205290
41205324
41205338
41205346
41207080
41208208
41208273
41208297
41209594
41211318
41212971
41212979
41212987
41213003
41213866
41213870
41213872
41213891
41213916
41213924
41213930
41214908
41214916
41214924
41214930
41214933
41214934
41216152
41216173
41216175
41216180
41217195
41218965
41218993
41218999
41220029
41220777
41220785
41220831
41221835
41222877
41224200
41224205
41224226
41224271
41224277
41225749
41225805
41226947
41226993
41226997
41227862
41227863
41227903
41227914
41227919
41227921
41229594
41229603
41230535
41231376
41232335
41233351
41233369
41233374
41233403
41234596
41234643
41235636
41235652
41235660
41236392
41236451
41236454
41236992
41237015
41237017
41237048
41237788
41237801
41239140
41239838
41239845
41239846
41239849
41240586
41240602
41240610
41241333
41241350
41241354
41242083
41242084
41242134
41242146
41242841
41242846
41242856
41242859
41242872
41243579
41243581
41244125
41244132
41244133
41244730
41244746
41244765
41245435
41246135
41246137
41246140
41248055
41248074
41248566
41248574
41248577
41248584
41248587
41249586
41251189
41251256
41252178
41252211
41252221
41253146
41253233
41255454
41255495
41256682
41256707
41257833
41257895
41258353
41258381
41258392
41258398
41258424
41258426
41258436
41258440
41258926
41258967
41258972
41258975
41259026
41259550
41259552
41259561
41259590
41259608
41259612
41259616
41259622
41259633
41259634
41259647
41259654
41259658
41260114
41260134
41260136
41260153
41262100
41262123
41262142
41262143
41262146
41262153
41262158
41262609
41264560
41266446
41267722
41267725
41267730
41267737
41267766
41267778
41267790
41267794
41267802
41267808
41267809
41267813
41267815
41267816
41267820
41267822
41267823
41267827
41267830
41267835
41267836
41267838
41267845
41267850
41267854
41267862
41267865
41267876
41267877
41267884
41267889
41267892
41267899
41267916
41267931
41267933
41267934
41267937
41267938
41267939
41267942
41267943
41267945
41267946
41267955
41267956
41267964
41267972
41267977
41267980
41267986
41267987
41268004
41268010
41268011
41268017
41268019
41268022
41268024
41268026
41268028
41268029
41268031
41268032
41268033
41268038
41268040
41268045
41268046
41268054
41268076
41268077
41268085
41268089
41268091
41268092
41268095
41268099
41268109
41268110
41268131
41268138
41268154
41268160
41268172
41268178
41268187
41268959
41268970
41268971
41268972
41268981
41268996
41269001
41269019
41269022
41269033
41269053
41269085
41269139
41269160
41269163
41269185
41269192
41269195
41269200
41269207
41269208
41269214
41269227
41269235
41269237
41269238
41269240
41269246
41269254
41269264
41269268
41269275
41269284
41269298
41269305
41269316
41269318
41269324
41269328
41270035
41270038
41270040
41270050
41270052
41270056
41270062
41270066
41270072
41270082
41270084
41270100
41270104
41270123
41270155
41270160
41270177
41270181
41270186
41270187
41270211
41270221
41270246
41270259
41270323
41270342
41270409
41270410
41270414
41270438
41270444
41270451
41270465
41270470
41270472
41270473
41270481
41270485
41270486
41270491
41270495
41270497
41270501
41270510
41270527
41270529
41271421
41271426
41271445
41271449
41271453
41271460
41271461
41271466
41271478
41271486
41271487
41271506
41271541
41271546
41271550
41271570
41271571
41271578
41271599
41271608
41271621
41271648
41271666
41271679
41271689
41271709
41271727
41271790
41271802
41271831
41271839
41271854
41271857
41271875
41271929
41272759
41272761
41272777
41272781
41272834
41272843
41272852
41272856
41272865
41272867
41272908
41272936
41272937
41272938
41272948
41272964
41272983
41272986
41273019
41273043
41273051
41274437
41274458
41274459
41274475
41274492
41274525
41274527
41274530
41274542
41274574
41274575
41274612
41274646
41274656
41274745
41274773
41274819
41274822
41274823
41274833
41274847
41274849
41274871
41274872
41274877
41274912
41276550
41276552
41276554
41276560
41276564
41276568
41276570
41276574
41276581
41276586
41276601
41276602
41276624
41276625
41276662
41276668
41276669
41276680
41276681
41276683
41276704
41276794
41276821
41276846
41276850
41276852
41278592
41278603
41278605
41278612
41278626
41278629
41278647
41278651
41278684
41278708
41278715
41278735
41278740
41278746
41278766
41278784
41278826
41278830
41280583
41280603
41280615
41280672
41280702
41280718
41280737
41280774
41280789
41280810
41282515
41282581
41282593
41282643
41282655
41282663
41282679
41282682
41282699
41282708
41282792
41283731
41283764
41283767
41283791
41283816
41283834
41283845
41283858
41283921
41283928
41283959
41283963
41284688
41284691
41284758
41284809
41284835
41284883
41285819
41285832
41285861
41285935
41285987
41285991
41286015
41286017
41286032
41286041
41287196
41287245
41287273
41287283
41288144
41288149
41288151
41288309
41288335
41288358
41289081
41289091
41289138
41289149
41289184
41289228
41289966
41290033
41290071
41291299
41291315
41293626
41293668
41295314
41295318
41296330
41296361
41297451
41297505
41297534
41298650
41298684
41298760
41298796
41300707
41300710
41300733
41302189
41302209
41302241
41302267
41303786
41304860
41306419
41307411
41307423
41308431
41308453
41308495
41308503
41308553
41310106
41310151
41312217
41312300
41314454
41315196
41315297
41315315
41315329
41315935
41317600
41317679
41319226
41320543
41320578
41321990
41321992
41321998
41323491
41323546
41326585
41326596
41326602
41326671
41326692
41330315
41330336
41333089
41333090
41334344
41334383
41334396
41334421
41334439
41335253
41335271
41335292
41337591
41338163
41338218
41338756
41338801
41339859
41340894
41342190
41342835
41343583
41344206
41344819
41345295
41345335
41345815
41345855
41346417
41346927
41346934
41346960
41346975
41347386
41347406
41347860
41348358
41348848
41349736
41350225
41352291
41353964
41354547
41354558
41354560
41354568
41355054
41355078
41356633
41356636
41356642
41356666
41357739
41358898
41360298
41361383
41361853
41361875
41361876
41361877
41361896
41361899
41361911
41361916
41361920
41362402
41362403
41362431
41362918
41362962
41362985
41362989
41362996
41363453
41363953
41365697
41365736
41366737
41366786
41367202
41367640
41368416
41368436
41368445
41368452
41368841
41368853
41368872
41369235
41369238
41369260
41369729
41369733
41369775
41370218
41370261
41370266
41370703
41370713
41370733
41370741
41371155
41371161
41371181
41371974
41372623
41373069
41373549
41374087
41374094
41374602
41375445
41375453
41375884
41375907
41375908
41375913
41375917
41375925
41376380
41376388
41378401
41378438
41378453
41379270
41379311
41379322
41380452
41380497
41380518
41382544
41382598
41383215
41383220
41383267
41383813
41383816
41383846
41383868
41383881
41384787
41385744
41385747
41385810
41386823
41387847
41387857
41391362
41391397
41391444
41391449
41391504
41392278
41392292
41393317
41394805
41394810
41395710
41397994
41400722
41401970
41402539
41402570
41403369
41404323
41404336
41406529
41407046
41408648
41408651
41408690
41411348
41413313
41413925
41413946
41414710
41417189
41419042
41419967
41420527
41420538
41421071
41423235
41423738
41424490
41428176
41429539
41430833
41431487
41431511
41433339
41433940
41434667
41435259
41435268
41435288
41437313
41439123
41439658
41440657
41440665
41440668
41440671
41442157
41442175
41442637
41443115
41443116
41443989
41444438
41444446
41444900
41445488
41445496
41445509
41446083
41447568
41447579
41448024
41449487
41449882
41450328
41450794
41452241
41452280
41452748
41453155
41453162
41453165
41453175
41453705
41454155
41455339
41455407
41457176
41457193
41457194
41457606
41458107
41458135
41458143
41460013
41460590
41460600
41460614
41460620
41460634
41461213
41462719
41462734
41462740
41463141
41463694
41463699
41463708
41463734
41464351
41464355
41464364
41464910
41464912
41464941
41465509
41466152
41466898
41466909
41466917
41466932
41466950
41466962
41466970
41469452
41469487
41470460
41471434
41471460
41471939
41472834
41472842
41473365
41473382
41473870
41474339
41474356
41475217
41476514
41476528
41477473
41477499
41477979
41479221
41479230
41480606
41481423
41482527
41483163
41483576
41483578
41484491
41485427
41485435
41485445
41485459
41486009
41486905
41486906
41487309
41487313
41487662
41487667
41487669
41487672
41488084
41489283
41491656
41492333
41492810
41493245
41494926
41495365
41495767
41495771
41496162
41496586
41496607
41497354
41500223
41500243
41500768
41501145
41503503
41503527
41505197
41505629
41506428
41506437
41506438
41507213
41507222
41508343
41510676
41511073
41511813
41512860
41513211
41514644
41515742
41516063
41516081
41516396
41516731
41518792
41520182
41521264
41521937
41522297
41522311
41522316
41522644
41523681
41524693
41525077
41525116
41526227
41527638
41528330
41529005
41529014
41529684
41530002
41530003
41532238
41534358
41535105
41536009
41536032
41536036
41538805
41539149
41539589
41540614
41541018
41544311
41544765
41545116
41545469
41545797
41546748
41547645
41547999
41548011
41551186
41551198
41551497
41554314
41554609
41555997
41556384
41557046
41557388
41557767
41558475
41558495
41558832
41558841
41561046
41561646
41561652
41562536
41562874
41563450
41564352
41565877
41565878
41566212
41566531
41566552
41566839
41568118
41570792
41571744
41572016
41575565
41576178
41577114
41577385
41577672
41577673
41578519
41578521
41578776
41579362
41580711
41583667
41583682
41585342
41585916
41586194
41586197
41586737
41587030
41588663
41588670
41588672
41590015
41591098
41592836
41593412
41593669
41594869
41597094
41597334
41597640
41597651
41597919
41598280
41599793
41600869
41601136
41603613
41604683
41607697
41607968
41610428
41611314
41611578
41611598
41611900
41611911
41661019
41661443
41661544
41661698
41661751
41662080
41662102
41662366
41662490
41662525
41662539
41663305
41663853
41663857
41664126
41664371
41664378
41664921
41664923
41665449
41665642
41666618
41666827
41667513
41667755
41667985
41667988
41668237
41670251
41671230
41671452
41671459
41671472
41673437
41675052
41677712
41678808
41679290
41679728
41681761
41688839
41688893
41688905
41688927
41688929
41688937
41688953
41688962
41689028
41689030
41689044
41689048
41689465
41689793
41690273
41690717
41691478
41691497
41691835
41692641
41693522
41693899
41694702
41695092
41695492
41695896
41696677
41697451
41698228
41698257
41698599
41699431
41699877
41700188
41700641
41701400
41703853
41704604
41705742
41709194
41709523
41710303
41710710
41712248
41713358
41715464
41715869
41716210
41716215
41716277
41716628
41717609
41717632
41717939
41718273
41718624
41719040
41719405
41719408
41719703
41720030
41720345
41720702
41723353
41723356
41723696
41723700
41725666
41726269
41727470
41728084
41728788
41729108
41729702
41729706
41729707
41732243
41735428
41738543
41741398
41742261
41742835
41745722
41746682
41746690
41747050
41751835
41752882
41755298
41758120
41758805
41759908
41759909
41760411
41761554
41763163
41763726
41764036
41765215
41765220
41766653
41768465
41768767
41769008
41773265
41774521
41774523
41774525
41775602
41775610
41775951
41778878
41779795
41781943
41783120
41783474
41784646
41784665
41785452
41786202
41786215
41786239
41786298
41786311
41786564
41786573
41786589
41786590
41786598
41786609
41786633
41786637
41786930
41786961
41787594
41787600
41787608
41787880
41787893
41787896
41788172
41788199
41788209
41788226
41788782
41789048
41789095
41789341
41789358
41789685
41789941
41789945
41789975
41789981
41790241
41790500
41790790
41791115
41791957
41792161
41792723
41793583
41793880
41793883
41794180
41794486
41794757
41796092
41796320
41796557
41796561
41796563
41799927
41802483
41802490
41802505
41802511
41802543
41802609
41802797
41802806
41803845
41803865
41803885
41803888
41803966
41803975
41804021
41804042
41804090
41804095
41805678
41805681
41805687
41805931
41806851
41806877
41806891
41806896
41806920
41806927
41806946
41806949
41806960
41806965
41806971
41806980
41806983
41806987
41806989
41806990
41807581
41807592
41807601
41807644
41808231
41808247
41808268
41808803
41808833
41808834
41808848
41808862
41808874
41808876
41809356
41809371
41809393
41809407
41809412
41809880
41809885
41809908
41809948
41809984
41810015
41810517
41810518
41810559
41810602
41811056
41811071
41811076
41811112
41811579
41813290
41813303
41813392
41813404
41813406
41813422
41813424
41813447
41813459
41813921
41814350
41814366
41814369
41814411
41814422
41814884
41814897
41814900
41814940
41814968
41815332
41815376
41815389
41815871
41815925
41815926
41816280
41816305
41816307
41816310
41816329
41816698
41816700
41816710
41817205
41817221
41817236
41817594
41817603
41817627
41818031
41819151
41819153
41819165
41819190
41819208
41819210
41819220
41819253
41819272
41819298
41819302
41819317
41819325
41819832
41820419
41820442
41820454
41820458
41820873
41820891
41820916
41821328
41821342
41821785
41821790
41822158
41822187
41823271
41823297
41823303
41823311
41823329
41824387
41824406
41824415
41824955
41824992
41824998
41825011
41825017
41826112
41826130
41826155
41826178
41826233
41826262
41826268
41826277
41826278
41826290
41826298
41826716
41826720
41827336
41827359
41827372
41828222
41828269
41828856
41828868
41830266
41830832
41830857
41830875
41831549
41831568
41832165
41832173
41832186
41832821
41834102
41834122
41834129
41834144
41834192
41834230
41834241
41834264
41834271
41835608
41835618
41835627
41835670
41836377
41836414
41837108
41837759
41837762
41837763
41837765
41837767
41837818
41838294
41838299
41838309
41838311
41838326
41838337
41838347
41839160
41839179
41840040
41840073
41840751
41840780
41841375
41841394
41841399
41841412
41841439
41842710
41842733
41843504
41843516
41843590
41844397
41844431
41844441
41845251
41846063
41846114
41846147
41846149
41846160
41846906
41846951
41846997
41848415
41848453
41848460
41848480
41848481
41848483
41848487
41848490
41848533
41848549
41849307
41849325
41850912
41850924
41850942
41851098
41851851
41853187
41854055
41854068
41854073
41854096
41854111
41854115
41854126
41854138
41854165
41855287
41855296
41855953
41855972
41855981
41855995
41856008
41856016
41856987
41856996
41857001
41857011
41857014
41857071
41858480
41858513
41858546
41858578
41858587
41859499
41859525
41859536
41859561
41859574
41859588
41859591
41860384
41860408
41860443
41860460
41861140
41861142
41861145
41861146
41861156
41861180
41861181
41861957
41861961
41861972
41861989
41862005
41862506
41862521
41862552
41864408
41864483
41865273
41865673
41865678
41865708
41866482
41866489
41866531
41867068
41867077
41867107
41867119
41867653
41867671
41867694
41868677
41868693
41868699
41868701
41869543
41869551
41869557
41869561
41869596
41869607
41870022
41870042
41870046
41870450
41870494
41870891
41870898
41870909
41870933
41871284
41871296
41871342
41871346
41871354
41871740
41871744
41871773
41871793
41872139
41872151
41872189
41872194
41872195
41872633
41872637
41873336
41873348
41873351
41873353
41873359
41873362
41873388
41873748
41873770
41873777
41873779
41874213
41874239
41874244
41874250
41874643
41874650
41874652
41874672
41874673
41874681
41875103
41875121
41875144
41875145
41875147
41875833
41875834
41875841
41875864
41875878
41876535
41877166
41877194
41877201
41877208
41877987
41877998
41878014
41878593
41878603
41878610
41878611
41878628
41878632
41878641
41878662
41879165
41880002
41881024
41882049
41882053
41882061
41882102
41882717
41882741
41883656
41884777
41884780
41884806
41885790
41885812
41885818
41885824
41885828
41885844
41885849
41886458
41887479
41887511
41887556
41888063
41888078
41888083
41888114
41888125
41888868
41888870
41888892
41888910
41888914
41888932
41888936
41889504
41890485
41892678
41892689
41892690
41893443
41894050
41894058
41894062
41894076
41894099
41894843
41894895
41894911
41894912
41894920
41896263
41896266
41896273
41896303
41896325
41897215
41897227
41897236
41897252
41897273
41898251
41898290
41898294
41898311
41898318
41899704
41899717
41899735
41900419
41901083
41901088
41901138
41901933
41901968
41901971
41902608
41902609
41902625
41902628
41902631
41902648
41903325
41903336
41903352
41903354
41903363
41903382
41903392
41904058
41904097
41904116
41904130
41904827
41904843
41904864
41904871
41904883
41905544
41905554
41905574
41905576
41906939
41906966
41906968
41906973
41906984
41906986
41906990
41907016
41907051
41907055
41907711
41907718
41908523
41908526
41908554
41908558
41908561
41908562
41909122
41909140
41909141
41909145
41909149
41909153
41909171
41910034
41910053
41910058
41910067
41910088
41911319
41911352
41911360
41911369
41911386
41912385
41912387
41912411
41914846
41914955
41915788
41915789
41917166
41917200
41917344
41918052
41918085
41918199
41918207
41918220
41918231
41918247
41918267
41918909
41918920
41918925
41918927
41918937
41918947
41918952
41919052
41919064
41919662
41919683
41919728
41920350
41920383
41920390
41920504
41920532
41920543
41921103
41921142
41921147
41921164
41921185
41921188
41921193
41921699
41921701
41921722
41921776
41922146
41922191
41922201
41922669
41922699
41922722
41922729
41923241
41923249
41923607
41923621
41923685
41923724
41923734
41924240
41924247
41924250
41924261
41924267
41924309
41924329
41924333
41924335
41924719
41925264
41925282
41925302
41925328
41925750
41925752
41925755
41925776
41926256
41926272
41926287
41926288
41926304
41926310
41926848
41926893
41926912
41926916
41927409
41927411
41927416
41927418
41927436
41927443
41927460
41927468
41927850
41927851
41927857
41927867
41927869
41927870
41927888
41928276
41928322
41928331
41928337
41928716
41928733
41928766
41928767
41928768
41928773
41928784
41928801
41928807
41928829
41928836
41928838
41929289
41929323
41930033
41930055
41930064
41930609
41930615
41930622
41930639
41930647
41930664
41930694
41931523
41931532
41932438
41932479
41933580
41933605
41934123
41934129
41934547
41934548
41934569
41935091
41935096
41935109
41935110
41935113
41935114
41935115
41935117
41935118
41935120
41935121
41935122
41935123
41935124
41935125
41935126
41935127
41935128
41935129
41935131
41935132
41935133
41935134
41935135
41935137
41935138
41935139
41935141
41935142
41935143
41935144
41935145
41935146
41935147
41935148
41935150
41935151
41935152
41935154
41935155
41935156
41935157
41935158
41935159
41935160
41935161
41935162
41935163
41935164
41935165
41935166
41935167
41935168
41935170
41935171
41935173
41935174
41935176
41935177
41935178
41935179
41935180
41935181
41935182
41935183
41935184
41935185
41935187
41935189
41935190
41935191
41935192
41935193
41935194
41935195
41935196
41935197
41935198
41935199
41935200
41935201
41935202
41935203
41935204
41935205
41935207
41935208
41935210
41935212
41935213
41935214
41935216
41935217
41935218
41935219
41935220
41935221
41935222
41935223
41935224
41935226
41935227
41935228
41935229
41935230
41935231
41935232
41935233
41935234
41935235
41935237
41935239
41935241
41935242
41935244
41935245
41935246
41935247
41935248
41935250
41935251
41935252
41935253
41935254
41935256
41935257
41935258
41935259
41935261
41935262
41935263
41935264
41935266
41935267
41935268
41935269
41935270
41935272
41935273
41935274
41935275
41935279
41935280
41935288
41935295
41935296
41935304
41935305
41935308
41935309
41935311
41935313
41935318
41935322
41935329
41935330
41935334
41935335
41935338
41935340
41935341
41935345
41935348
41935351
41935354
41935357
41935359
41935361
41935362
41935366
41935367
41935368
41935372
41935374
41935380
41935384
41935385
41935387
41935388
41935394
41935398
41935399
41935400
41935402
41935403
41935413
41935417
41935422
41935424
41935425
41935428
41935431
41935433
41935447
41935448
41935451
41935457
41935460
41935465
41935467
41935468
41935470
41935472
41935477
41935483
41935486
41935491
41935495
41935496
41935851
41935852
41935853
41935855
41935856
41935859
41935861
41935862
41935865
41935866
41935870
41935874
41935876
41935879
41935881
41935882
41935883
41935884
41935885
41935886
41935888
41935889
41935891
41935892
41935893
41935894
41935896
41935897
41935898
41935899
41935900
41935901
41935902
41935903
41935904
41935906
41935907
41935908
41935909
41935910
41935911
41935912
41935913
41935914
41935916
41935917
41935919
41935920
41935921
41935922
41935923
41935925
41935926
41935928
41935930
41935931
41935932
41935936
41935939
41935940
41935941
41935942
41935945
41935946
41935947
41935948
41935952
41935953
41935954
41935958
41935960
41935961
41935962
41935963
41935964
41935966
41935967
41935970
41935971
41935972
41935973
41935975
41935976
41935979
41935985
41935987
41935988
41935999
41936017
41936042
41936045
41936046
41936047
41936048
41936053
41936058
41936061
41936065
41936076
41936077
41936079
41936082
41936087
41936089
41936091
41936096
41936108
41936109
41936121
41936134
41936140
41936150
41936151
41936152
41936153
41936157
41936160
41936474
41936479
41936480
41936482
41936484
41936487
41936488
41936489
41936490
41936491
41936492
41936493
41936494
41936496
41936497
41936500
41936501
41936502
41936504
41936505
41936510
41936512
41936515
41936516
41936517
41936519
41936520
41936522
41936523
41936525
41936526
41936527
41936528
41936529
41936530
41936531
41936532
41936535
41936538
41936540
41936543
41936544
41936560
41936584
41936588
41936591
41936621
41936622
41936624
41936642
41936646
41936649
41936653
41936657
41936668
41936670
41936680
41936953
41936955
41936963
41936969
41936970
41936971
41936977
41936978
41936985
41936989
41936991
41937005
41937008
41937024
41937045
41937046
41937048
41937074
41937075
41937357
41937363
41937364
41937368
41937369
41937370
41937371
41937375
41937378
41937381
41937383
41937385
41937386
41937387
41937390
41937392
41937394
41937397
41937399
41937400
41937407
41937409
41937412
41937414
41937415
41937417
41937427
41937437
41937468
41937734
41937739
41937740
41937746
41937749
41937752
41937753
41937754
41937755
41937761
41937762
41937763
41937766
41937768
41937769
41937770
41937771
41937772
41937774
41937779
41937780
41937781
41937788
41937789
41937791
41937792
41937794
41937796
41937797
41937800
41937802
41937809
41937817
41937821
41937838
41937853
41937857
41937874
41938119
41938123
41938126
41938131
41938132
41938133
41938134
41938135
41938138
41938139
41938143
41938146
41938147
41938148
41938149
41938150
41938151
41938153
41938157
41938161
41938162
41938165
41938169
41938171
41938173
41938175
41938189
41938220
41938222
41938224
41938225
41938236
41938242
41938243
41938244
41938249
41938251
41938253
41938498
41938506
41938508
41938509
41938513
41938514
41938516
41938519
41938520
41938521
41938522
41938523
41938526
41938528
41938530
41938535
41938537
41938542
41938545
41938551
41938560
41938561
41938572
41938573
41938575
41938577
41938598
41938606
41938620
41938623
41938632
41938634
41938882
41938890
41938892
41938893
41938898
41938899
41938902
41938903
41938904
41938906
41938907
41938908
41938910
41938912
41938918
41938919
41938927
41938928
41938957
41938958
41938977
41938983
41938989
41939193
41939198
41939202
41939203
41939204
41939208
41939210
41939211
41939213
41939215
41939216
41939218
41939219
41939220
41939221
41939222
41939224
41939225
41939227
41939229
41939230
41939232
41939241
41939244
41939256
41939262
41939280
41939285
41939503
41939514
41939515
41939522
41939524
41939525
41939526
41939528
41939529
41939532
41939534
41939537
41939538
41939540
41939541
41939546
41939547
41939548
41939551
41939552
41939553
41939554
41939555
41939558
41939563
41939568
41939569
41939572
41939597
41939604
41939606
41939609
41939612
41939623
41939812
41939815
41939821
41939822
41939823
41939828
41939831
41939833
41939835
41939838
41939839
41939840
41939842
41939843
41939849
41939850
41939851
41939852
41939871
41939888
41940126
41940131
41940134
41940138
41940145
41940147
41940148
41940152
41940153
41940154
41940378
41940390
41940391
41940393
41940396
41940398
41940399
41940406
41940408
41940409
41940413
41940417
41940418
41940626
41940627
41940633
41940634
41940637
41940655
41940656
41940660
41940664
41940878
41940882
41940884
41940886
41940887
41940889
41940893
41940894
41940899
41940905
41940906
41940928
41941235
41941241
41941252
41941520
41941523
41941525
41941528
41941534
41941536
41941539
41941544
41941546
41941547
41941554
41941557
41941559
41941563
41941577
41941580
41941589
41941828
41941829
41941831
41941834
41941835
41941837
41941841
41941845
41941846
41941847
41941849
41941850
41941854
41941894
41941908
41941911
41941934
41942134
41942135
41942138
41942141
41942148
41942149
41942153
41942154
41942155
41942158
41942161
41942163
41942170
41942173
41942174
41942175
41942182
41942184
41942185
41942189
41942191
41942194
41942204
41942217
41942232
41942248
41942263
41942266
41942270
41942277
41942486
41942500
41942501
41942502
41942504
41942510
41942512
41942513
41942538
41942573
41942802
41942803
41942804
41942806
41942807
41942810
41942811
41942813
41942858
41942863
41943083
41943087
41943090
41943091
41943097
41943127
41943134
41943136
41943344
41943349
41943355
41943362
41943365
41943593
41943598
41943610
41943611
41943612
41943613
41943620
41943843
41943844
41943846
41943852
41943854
41944129
41944138
41944385
41944390
41944391
41944392
41944393
41944394
41944398
41944411
41944617
41944619
41944628
41944661
41944679
41944863
41944866
41944875
41944877
41945244
41945277
41945510
41945516
41945520
41945521
41945522
41945543
41945548
41945754
41945756
41945758
41945764
41945795
41945988
41945994
41945996
41945999
41946001
41946008
41946035
41946054
41946396
41946398
41946406
41946409
41946436
41946708
41946715
41946781
41947066
41947070
41947103
41947116
41947156
41947415
41947421
41947423
41947424
41947428
41947433
41947434
41947435
41947437
41947439
41947441
41947462
41947463
41947508
41947791
41947793
41947797
41947798
41947823
41947835
41947857
41947867
41948102
41948104
41948106
41948107
41948156
41948629
41948635
41948638
41948644
41948651
41948680
41948693
41948704
41948718
41948721
41948925
41948933
41948942
41948945
41948949
41948965
41948977
41948983
41948987
41948996
41949003
41949335
41949336
41949339
41949341
41949343
41949365
41949375
41949386
41949652
41949659
41949665
41949667
41949668
41949669
41949905
41949906
41949939
41953408
41953430
41953549
41953553
41953578
41953645
41953653
41953665
41953672
41953687
41953705
41953712
41953732
41953737
41953752
41953754
41953755
41953772
41953795
41953810
41953821
41953828
41953830
41953835
41953836
41953881
41953890
41953891
41953892
41953897
41953903
41953906
41953909
41953911
41953919
41953950
41953977
41954091
41954111
41954127
41954131
41954144
41954145
41954154
41954181
41954199
41954231
41954234
41954238
41954271
41954304
41954322
41954328
41954342
41954678
41954687
41954697
41954698
41954700
41954701
41954703
41954704
41954705
41954713
41954714
41954720
41954721
41954726
41954727
41954732
41954734
41954735
41954743
41954754
41954772
41954784
41954788
41954789
41954794
41954822
41955224
41955227
41955231
41955234
41955235
41955236
41955238
41955241
41955242
41955244
41955249
41955252
41955253
41955257
41955259
41955261
41955262
41955266
41955267
41955270
41955271
41955273
41955275
41955277
41955278
41955279
41955280
41955281
41955282
41955283
41955284
41955288
41955289
41955291
41955292
41955293
41955295
41955300
41955309
41955311
41955312
41955313
41955317
41955327
41955331
41955337
41955338
41955341
41955345
41955346
41955349
41955357
41955362
41955366
41955370
41955371
41955378
41955380
41955385
41955391
41955392
41955417
41955419
41955433
41955451
41955455
41955498
41955529
41955812
41955814
41955823
41955827
41955828
41955829
41955834
41955837
41955839
41955844
41955847
41955852
41955856
41955858
41955859
41955860
41955864
41955865
41955869
41955871
41955874
41955881
41955884
41955888
41955889
41955896
41955898
41955903
41955906
41955908
41955912
41955919
41955940
41955978
41956185
41956189
41956206
41956207
41956244
41956426
41956429
41956433
41956435
41956436
41956458
41956683
41956691
41956695
41956698
41956704
41956705
41956707
41956710
41956725
41956729
41956730
41956732
41956737
41956758
41956767
41957031
41957033
41957042
41957043
41957046
41957050
41957056
41957067
41957074
41957124
41957356
41957357
41957358
41957359
41957360
41957361
41957365
41957376
41957382
41957383
41957385
41957388
41957389
41957392
41957395
41957413
41957677
41957699
41957707
41958006
41958008
41958011
41958013
41958016
41958017
41958018
41958024
41958027
41958029
41958030
41958032
41958034
41958035
41958045
41958047
41958051
41958053
41958054
41958056
41958061
41958062
41958073
41958082
41958098
41958107
41958152
41958192
41958436
41958439
41958443
41958445
41958447
41958449
41958452
41958456
41958457
41958465
41958470
41958475
41958519
41958826
41958830
41958835
41958841
41958849
41958855
41958870
41958872
41958875
41958877
41958882
41958893
41958896
41958906
41958911
41958919
41958940
41958941
41959011
41959216
41959221
41959407
41959411
41959415
41959627
41959628
41959904
41959916
41959926
41959958
41960178
41960184
41960185
41960191
41960217
41960686
41960689
41960691
41960726
41961036
41961255
41961258
41961275
41961284
41961286
41961288
41961295
41961526
41961716
41961899
41962076
41962086
41962088
41962108
41962281
41962436
41962441
41962442
41962443
41962444
41962463
41962489
41962658
41962665
41962670
41962673
41962677
41962679
41962711
41962893
41962910
41963169
41963620
41963623
41963631
41963637
41963638
41963646
41963648
41963652
41963657
41963664
41963666
41963667
41963668
41963669
41963670
41963676
41963678
41963680
41963690
41963691
41963730
41963758
41965015
41965032
41965048
41965050
41965060
41965071
41965075
41965094
41965095
41965100
41965104
41965107
41965109
41965120
41965124
41965127
41965132
41965135
41965138
41965146
41965151
41965152
41965153
41965156
41965158
41965159
41965168
41965169
41965170
41965171
41965180
41965202
41965203
41965231
41965274
41965299
41965681
41965699
41965700
41965701
41965709
41965711
41965742
41965770
41965807
41966315
41966316
41966318
41966335
41966340
41966344
41966356
41966358
41966731
41966740
41966741
41966743
41967102
41967119
41967125
41967128
41967130
41967151
41967558
41967575
41967641
41967917
41967922
41967926
41967927
41967950
41967952
41967954
41968335
41968338
41968339
41968348
41968356
41968358
41968375
41968799
41968801
41968802
41968806
41968807
41968812
41968814
41968882
41969168
41969169
41969175
41969184
41969192
41969193
41969199
41969483
41969485
41969497
41969513
41969768
41969782
41969791
41969794
41970100
41970105
41970106
41970115
41970122
41970127
41970441
41970445
41970455
41970462
41970802
41970804
41970806
41970810
41970839
41971176
41971197
41971201
41971219
41971287
41971296
41971557
41971877
41971890
41971892
41972265
41972267
41972277
41972281
41972287
41972288
41972295
41972679
41972999
41973007
41973012
41973014
41973017
41973035
41973401
41973402
41973403
41973406
41973410
41973411
41973412
41973414
41973420
41973426
41973428
41973442
41973447
41973536
41973835
41973846
41973851
41974211
41974217
41974220
41974231
41974631
41974632
41974679
41974715
41975033
41975345
41975381
41975684
41975699
41976061
41976073
41976085
41976410
41976445
41976724
41976749
41976796
41977034
41977065
41977110
41977355
41977363
41977369
41977389
41977395
41977697
41977709
41978031
41978034
41978046
41978051
41978055
41978112
41978130
41978385
41978952
41979205
41979220
41979499
41979780
41980194
41980234
41980459
41980816
41980826
41980833
41981201
41981219
41981236
41981259
41981468
41981478
41981486
41981750
41981757
41982186
41982192
41982610
41982611
41982647
41983154
41983156
41983158
41983160
41983176
41983417
41983430
41989516
41989740
41989783
41989864
41989890
41989959
41990094
41990117
41990124
41990234
41990279
41990284
41990326
41990478
41990807
41991028
41991046
41991334
41991539
41994440
41994487
41994624
41994671
41994709
41994836
41994904
41994907
42010207
42010226
42010397
42010460
42010475
42010508
42010614
42010640
42010735
42010832
42010847
42010906
42010961
42011030
42011054
42011135
42011153
42011196
42011225
42011227
42011228
42011283
42011313
42011320
42011332
42011339
42011346
42011392
42011396
42011398
42011424
42011440
42011452
42011464
42011491
42011597
42011599
42011610
42011679
42011734
42011736
42011776
42011777
42011920
42011988
42012070
42012443
42012581
42012628
42012642
42013821
42013891
42013953
42013955
42014692
42014696
42014697
42014704
42014715
42014718
42014721
42014740
42014741
42014745
42014770
42014782
42014796
42014826
42014931
42017287
42017380
42017443
42017444
42017445
42017457
42017463
42017466
42017480
42017482
42017491
42017496
42017505
42017521
42017533
42017626
42020127
42020132
42020143
42020190
42020208
42020364
42020406
42020600
42035660
42035696
42035767
42035839
42035985
42036105
42036186
42036262
42036273
42036342
42036488
42036655
42036665
42036693
42036721
42036871
42036954
42037045
42037163
42037341
42037968
42037987
42037997
42038016
42038046
42038061
42038588
42038590
42038607
42038630
42038669
42038687
42039378
42039400
42039476
42039993
42040009
42040050
42041218
42041246
42041279
42041286
42041421
42042112
42042163
42042243
42042693
42042714
42042797
42043918
42045181
42045197
42045221
42045229
42046215
42046220
42046242
42046273
42048051
42048079
42048085
42048139
42049806
42049898
42049919
42050951
42053152
42053240
42053250
42055838
42055893
42055904
42055913
42055924
42055930
42056959
42057040
42057105
42058885
42058893
42058911
42059008
42059029
42061010
42061132
42062968
42062988
42064812
42066523
42066527
42066581
42066583
42066590
42068217
42071322
42071953
42071981
42072000
42072548
42073904
42074300
42074303
42077747
42077800
42078228
42078261
42078915
42079631
42080426
42081157
42081175
42081989
42082070
42082768
42083391
42083403
42084040
42084062
42084094
42085286
42085299
42085310
42085317
42085348
42086720
42086741
42087225
42087270
42088153
42088834
42088860
42088886
42089276
42090488
42090495
42091182
42091186
42091248
42091267
42091696
42092592
42093426
42094367
42094380
42094392
42094424
42094447
42094770
42095593
42096583
42096979
42097998
42098023
42098032
42098048
42098051
42098463
42099439
42099456
42100874
42100882
42101417
42101429
42101939
42101947
42101948
42102909
42103391
42104357
42105209
42106537
42106548
42106558
42107068
42107391
42107405
42107825
42107838
42108800
42109176
42109251
42109266
42109998
42110020
42110763
42110803
42110813
42111487
42111503
42111847
42112493
42113165
42113592
42113930
42116194
42116200
42116598
42116630
42116632
42117395
42117455
42118186
42118586
42118917
42118952
42119267
42119964
42120705
42121042
42121638
42122085
42122103
42122124
42122127
42122178
42123685
42124113
42125013
42125039
42125060
42125765
42126305
42126313
42126632
42126634
42126643
42126909
42127563
42127573
42127577
42131386
42131763
42132260
42132601
42132612
42132898
42132899
42132943
42133131
42133134
42133159
42133991
42134262
42134993
42135267
42135271
42135300
42135709
42138600
42138603
42138607
42138615
42138616
42138623
42138647
42138670
42138693
42138706
42138710
42138712
42138756
42138771
42139329
42139331
42139367
42139405
42139782
42139788
42139789
42140617
42140665
42140680
42140698
42140715
42141072
42141104
42141914
42141968
42142431
42142440
42143703
42144701
42144746
42144769
42144812
42144819
42145981
42145984
42145990
42146026
42146713
42146744
42149225
42149376
42149402
42149421
42150021
42150468
42150547
42152850
42152881
42152905
42152928
42152960
42152976
42153001
42153006
42153010
42153018
42153030
42153041
42153049
42153067
42153069
42153111
42153187
42153660
42153672
42153787
42155140
42155795
42157124
42158935
42158941
42158948
42158952
42159072
42159086
42159849
42163061
42163086
42163143
42163207
42164579
42165224
42165900
42166694
42166759
42166766
42166780
42167203
42167204
42167243
42167276
42168392
42177252
42177372
42177438
42177535
42177639
42177689
42177702
42177742
42177775
42178663
42178677
42178768
42179864
42181124
42181161
42181189
42181191
42181200
42181212
42182539
42182558
42182590
42182610
42182615
42183222
42183346
42186023
42186146
42186629
42186664
42187123
42187129
42187175
42187196
42187695
42187709
42188466
42189708
42189721
42191626
42191632
42191647
42191659
42191668
42191669
42191680
42191684
42191691
42191698
42191703
42191711
42191775
42192324
42199047
42199069
42201990
42202627
42202717
42203109
42203523
42205090
42205102
42209465
42209475
42209503
42209560
42209572
42209582
42209583
42209584
42209609
42209630
42209688
42209691
42209707
42209720
42209742
42212374
42212427
42212432
42212556
42212590
42216362
42216394
42216404
42216500
42216988
42222966
42223010
42223081
42223107
42223143
42223209
42225322
42225678
42227003
42233111
42233156
42233162
42233176
42233202
42233205
42233225
42233259
42233266
42233280
42233295
42233306
42233317
42233323
42233356
42233379
42233426
42233427
42233438
42233453
42233456
42233469
42233471
42233486
42234168
42234594
42235294
42236787
42236838
42237129
42237165
42237846
42245524
42245530
42245540
42245550
42245568
42245570
42245586
42245607
42245610
42245614
42245632
42245666
42245684
42245688
42245728
42245734
42245760
42245766
42245772
42245781
42245782
42245784
42245799
42245800
42245810
42245813
42245819
42245821
42245840
42245842
42245843
42245850
42245877
42245887
42245894
42245964
42245968
42245995
42246003
42251149
42251150
42251156
42254670
42254720
42254756
42254771
42254823
42254865
42255706
42255722
42255750
42256101
42256111
42256913
42256929
42257329
42257334
42257922
42259693
42259709
42260092
42260950
42260955
42261236
42261617
42262159
42263333
42264119
42264446
42264452
42265577
42266787
42267340
42269088
42270532
42271222
42272209
42272707
42273108
42273460
42277267
42277540
42279055
42279890
42280672
42282069
42282416
42282939
42282960
42283688
42284072
42285391
42286246
42286255
42287202
42289245
42291665
42293562
42294142
42294415
42294433
42294907
42296070
42297341
42297355
42297391
42298001
42298076
42300242
42300245
42300248
42300249
42300258
42300263
42300264
42300266
42300269
42300280
42300290
42300293
42300301
42300315
42300321
42300331
42300343
42300346
42300354
42300358
42300364
42300365
42300368
42300378
42300380
42300386
42300388
42300400
42300401
42300402
42300404
42300405
42300406
42300414
42300419
42300424
42300426
42300427
42300440
42300446
42300450
42300457
42300460
42300467
42300469
42300472
42300476
42300482
42300827
42301075
42301320
42301611
42301943
42302243
42304499
42305364
42305366
42305976
42323020
42323024
42323084
42323107
42323112
42323152
42323157
42323159
42323206
42323228
42323272
42323292
42323318
42323329
42323332
42323333
42323337
42323362
42323393
42323403
42323409
42323412
42323421
42323449
42323490
42323512
42323518
42323546
42323563
42323568
42323577
42323598
42323618
42323657
42323729
42323732
42323743
42323760
42323764
42323767
42323768
42323784
42323787
42323793
42323805
42323813
42323815
42323819
42323829
42323835
42323850
42323854
42323884
42323902
42323913
42323926
42323938
42323940
42323946
42323958
42323962
42323978
42323983
42323991
42324051
42324056
42324063
42324071
42324472
42324709
42326500
42327458
42327492
42328755
42329965
42330363
42330776
42331514
42331742
42332379
42332578
42333870
42333878
42334430
42334671
42335034
42335384
42336343
42336752
42337290
42337291
42338518
42339002
42339362
42339993
42340007
42340012
42340679
42340915
42341037
42341227
42341418
42341551
42343735
42343882
42344068
42344552
42345418
42345429
42351033
42351127
42351645
42352401
42352402
42353447
42354403
42354428
42354693
42355064
42356274
42356320
42356880
42356925
42357900
42357926
42359032
42359066
42359631
42359975
42360869
42360880
42360893
42361478
42361700
42361715
42364385
42364411
42364415
42364477
42364500
42365017
42365787
42366572
42366595
42366638
42366976
42370658
42370678
42370748
42371218
42371221
42372388
42373049
42373066
42373937
42374287
42374893
42375953
42376436
42379262
42379426
42382522
42382726
42386804
42387413
42392029
42392041
42392057
42392108
42392115
42392122
42392141
42392425
42392445
42393305
42393720
42394326
42395159
42395585
42395846
42396429
42396848
42396886
42397402
42398066
42399657
42401117
42402543
42402706
42402713
42403976
42404408
42408724
42410673
42411041
42412751
42413319
42413547
42413785
42417251
42417757
42419111
42420230
42422195
42422285
42422587
42422603
42423812
42424463
42427189
42427222
42427471
42428413
42433180
42433469
42433470
42437810
42437841
42437930
42437982
42438045
42438068
42438100
42438102
42438105
42438131
42438139
42438953
42439943
42439947
42440125
42444895
42444901
42444932
42444968
42445002
42445028
42445068
42445110
42445152
42445153
42445811
42445984
42446871
42447590
42447596
42450132
42450212
42450229
42450237
42450244
42450299
42450317
42453135
42453153
42453204
42453230
42453272
42453293
42453344
42454819
42454826
42454837
42454851
42454853
42454855
42454861
42454869
42454888
42454903
42455120
42455429
42456024
42456375
42456919
42457373
42458717
42458724
42459746
42459765
42460173
42461726
42461942
42462701
42462865
42463234
42465232
42465235
42466923
42466928
42468378
42469595
42470361
42476647
42478774
42480216
42481675
42482383
42484686
42485263
42486761
42486767
42487522
42490462
42490824
42490877
42490881
42490886
42490909
42490928
42490948
42491211
42491528
42492401
42492438
42492450
42492454
42494596
42495480
42497407
42497976
42498403
42498518
42499162
42499524
42499527
42499943
42500572
42501942
42502124
42502689
42502697
42503606
42505043
42505157
42505670
42506151
42506320
42506466
42506773
42509544
42510143
42510170
42510306
42510487
42510492
42511711
42513637
42513650
42513661
42513692
42513702
42513714
42513746
42513747
42513763
42513766
42513777
42513778
42513929
42514441
42514451
42514476
42514725
42516395
42516985
42517002
42517011
42517013
42517021
42517034
42517057
42519280
42519308
42520112
42530730
42530947
42532120
42532132
42532140
42532153
42532167
42532185
42532188
42534611
42535548
42536463
42541019
42541081
42541113
42541226
42543156
42544850
42544859
42544959
42547505
42547519
42547547
42547574
42547580
42548470
42548472
42548478
42548511
42548524
42548528
42550763
42550807
42550811
42550823
42550825
42550827
42550835
42550896
42552314
42553291
42555337
42557328
42557336
42557418
42558681
42576427
42576538
42576699
42576761
42576864
42583260
42583263
42583305
42584520
42584556
42584559
42584585
42584614
42585271
42595926
42597992
42600562
42601037
42601616
42601920
42601986
42603735
42604777
42606749
42606805
42606807
42607720
42607729
42609414
42609421
42609427
42609451
42609478
42609481
42609505
42612503
42612866
42614968
42615124
42615276
42617399
42617415
42617460
42618249
42618509
42619010
42619015
42624848
42625640
42626177
42630370
42631700
42633789
42638659
42638678
42638680
42638693
42638725
42638745
42639615
42641005
42641023
42641026
42641027
42641044
42641068
42641069
42641072
42641074
42643091
42643103
42643107
42643121
42643130
42643133
42643144
42643157
42643158
42643177
42646561
42647355
42648439
42648460
42650961
42650967
42650978
42651866
42653224
42653324
42658921
42658980
42659043
42659135
42659429
42659652
42659793
42659855
42659891
42661553
42661858
42662334
42662344
42664105
42666917
42669747
42674794
42675215
42675281
42676679
42676902
42676946
42677165
42677616
42678069
42678752
42678908
42679102
42679785
42680902
42681054
42681060
42681252
42681747
42682302
42684600
42684609
42685638
42687573
42687953
42698000
42698136
42700289
42700785
42700789
42701201
42701860
42703247
42703264
42703418
42703420
42703456
42703912
42705041
42705045
42705481
42706573
42706577
42708095
42708129
42708956
42709783
42709949
42710082
42710502
42711341
42711480
42711732
42713340
42714925
42715386
42715394
42715795
42716448
42716657
42716893
42717205
42717378
42718775
42721289
42722298
42723261
42723360
42726053
42728149
42731346
42732981
42734750
42737577
42737625
42738749
42739252
42749644
42749712
42749837
42751845
42751850
42751853
42751886
42751891
42751898
42751908
42751929
42751932
42751944
42751953
42751955
42751960
42751964
42751967
42751981
42751982
42751986
42751990
42751995
42752013
42753245
42755486
42755509
42756647
42760483
42762351
42765373
42765474
42774079
42779617
42779669
42787822
42791506
42792494
42794321
42794978
42797447
42798887
42800539
42800546
42802523
42803188
42804474
42807115
42807120
42807975
42809561
42819923
42819938
42822358
42824729
42827008
42828650
43283833
43288589
43291524
43295097
43302234
43302254
43302897
43303585
43306301
43306911
43308071
43308750
43310483
43311067
43313525
43314550
43315582
43318414
43320576
43329124
43331490
43332191
43342815
43346092
43346788
43351059
43351642
43359787
43362351
43367455
43376071
43392924
43396812
43399752
43407425
43423636
43429042
43442824
43498279
43504529
50000060
50000168
50000480
50000980
50012211
50012240
50012253
50012288
50012293
50012294
50012754
50013123
50013344
50013346
50029951
50030879
50031070
50031275
50031463
50031508
50031523
50031608
50031628
50031654
50031683
50037234
50037247
50037268
50037274
50037290
50037324
50037329
50037335
50037344
50037360
50037362
50042809
50042851
50042852
50042881
50042883
50042893
50042903
50042906
50042909
50042918
50042937
50042939
50042992
50043013
50043016
50043040
50043052
50043072
50043081
50043115
50043126
50043134
50043141
50043149
50043150
50043163
50043166
50043210
50043215
50043230
50043239
50043280
50043281
50043310
50043313
50043340
50043350
50043366
50043381
50043389
50043391
50043392
50043422
50043436
50043444
50043474
50043475
50043487
50048175
50054664
50054721
50055033
50055038
50055039
50055040
50055041
50055042
50055044
50055045
50063688
50063696
50063702
50063718
50063743
50063781
50063822
50063823
50063837
50063857
50063883
50063951
50063954
50063956
50064023
50064029
50064030
50064034
50064036
50064047
50064056
50064063
50064066
50064067
50064069
50064092
50064097
50064100
50064110
50064113
50064147
50064154
50064165
50064167
50064201
50064211
50064227
50064258
50064293
50064315
50064318
50064325
50064364
50064370
50064403
50064409
50064414
50064433
50064436
50064440
50064441
50064444
50064447
50064448
50064457
50064462
50064466
50064469
50064471
50064478
50064479
50064481
50064482
50064504
50064506
50064520
50064523
50064525
50064532
50064543
50064556
50064557
50064561
50064582
50064585
50064586
50064598
50064600
50064602
50064603
60006900
60006901
60006919
60006920
60006931
60006933
60006999
60007002
60007005
60007008
60007009
60007011
60007013
60007014
60007028
60007033
60007035
60007048
60007060
60007061
60007063
60007091
60007099
60007104
60007106
60007113
60007114
60007116
60007118
60007120
60007131
60007132
60007137
60007145
60007146
60007149
60007151
60007153
60007154
60007156
60007157
60007159
60007164
60007169
60007172
60007173
60007174
60007182
60007188
60007197
60007201
60007205
60007215
60007238
60007243
60007247
60007250
60007252
60007253
60007261
60007264
60007266
60007444
60007447
60007450
60007451
60007455
60007456
60007459
60007460
60007462
60007463
60007465
60007466
60007467
60007468
60007471
60007473
60007476
60007477
60007480
60007482
60007484
60007486
60007487
