40000002
40000022
40000035
40000045
40000065
40000080
40000103
40000123
40000132
40000198
40000217
40000240
40000283
40000329
40000341
40000368
40000416
40000426
40000454
40000472
40000495
40000525
40000531
40000534
40000539
40000575
40000586
40000670
40000738
40000742
40000749
40000756
40000809
40000998
40001021
40001029
40001030
40001052
40001105
40001109
40001133
40001165
40001193
40001247
40001275
40001307
40001417
40001420
40001482
40001486
40001590
40001685
40001766
40001771
40001779
40001837
40001961
40001972
40001986
40002007
40002066
40002141
40002197
40002200
40002250
40002390
40002401
40002412
40002419
40002476
40002495
40002683
40002755
40002768
40002794
40002841
40002860
40002889
40002897
40002944
40002954
40003056
40003236
40003440
40003466
40003520
40003550
40003571
40003578
40003579
40003583
40003649
40003706
40029753
40029758
40029769
40029774
40029795
40029813
40029853
40029903
40030009
40030018
40030055
40030131
40030139
40030170
40030208
40030268
40030269
40030299
40030367
40030388
40030478
40030479
40030500
40030585
40030593
40030634
40030697
40037462
40037612
40037820
40037828
40037882
40037940
40037976
40038112
40038243
40038312
40038324
40044183
40044241
40044549
40044615
40044620
40044710
40044777
40044868
40044869
40044877
40044962
40044968
40044970
40044992
40044998
40044999
40045004
40045005
40045032
40045059
40045066
40045082
40045098
40045179
40045194
40045295
40045302
40045318
40045367
40045419
40045458
40045539
40045568
40045581
40045608
40045623
40045733
40045743
40045756
40045788
40045793
40045799
40045885
40045926
40045938
40045949
40045999
40046037
40046055
40046070
40046088
40046093
40046130
40046153
40046158
40046186
40046190
40046191
40046217
40046253
40046254
40046322
40046366
40046374
40046378
40046422
40046432
40046464
40046474
40046503
40046563
40046568
40046589
40046592
40046626
40046631
40046684
40046726
40046729
40046824
40046881
40046957
40046961
40046991
40047012
40047077
40047135
40047161
40047197
40047254
40047280
40047287
40047309
40047385
40047409
40047430
40047524
40047546
40047553
40047640
40047655
40047697
40047703
40047741
40047790
40047818
40047824
40047826
40047873
40047900
40047959
40047961
40048011
40048020
40048139
40048140
40048149
40048150
40048175
40048203
40048247
40048265
40048284
40048323
40048350
40048360
40048391
40048465
40048467
40048469
40048490
40048540
40048551
40079179
40079293
40079419
40079498
40079582
40079634
40079745
40079800
40079887
40080062
40080070
40080148
40080170
40080243
40080247
40080256
40080427
40080443
40088811
40088813
40088831
40088846
40088893
40088908
40088939
40088962
40088990
40089008
40089034
40089056
40089105
40089120
40089277
40089320
40089406
40089471
40089483
40089529
40089534
40089641
40089651
40089736
40089755
40089775
40089785
40094796
40094797
40094976
40095022
40095089
40095118
40095271
40095285
40095293
40095310
40095338
40095367
40095495
40095573
40100689
40100736
40100791
40100948
40100993
40101017
40101049
40101074
40101262
40104451
40104489
40104522
40104533
40104534
40104565
40104716
40104805
40104811
40104838
40104881
40104906
40104912
40104919
40104982
40105018
40105031
40105106
40105139
40105215
40108601
40108664
40108691
40108699
40108732
40108748
40108793
40108820
40108833
40108862
40108916
40111664
40111678
40111690
40111715
40111927
40112020
40112077
40112101
40112128
40112136
40112139
40112200
40112257
40114791
40114813
40114834
40114852
40114880
40114962
40114984
40114993
40114994
40115062
40115150
40115160
40115161
40115227
40115243
40115257
40115260
40115274
40115301
40115354
40115377
40115392
40115405
40115408
40115426
40115452
40115463
40115474
40115488
40115499
40115524
40115527
40115537
40115538
40115539
40115541
40115549
40115556
40115568
40115572
40115632
40115637
40115719
40115786
40115825
40115832
40115862
40115893
40115921
40115928
40115935
40115961
40115978
40115984
40115987
40116020
40116062
40116132
40116136
40116143
40116162
40116166
40116191
40116204
40116231
40116234
40116259
40116262
40116263
40116273
40116283
40116294
40116299
40116327
40116337
40116348
40116351
40116366
40116370
40116384
40116426
40116431
40116432
40116438
40116462
40116465
40116491
40116505
40116514
40116528
40116533
40116539
40116542
40116566
40116570
40116577
40116578
40116580
40116582
40116595
40116609
40116617
40116619
40116624
40116632
40116675
40116687
40116699
40116706
40116709
40116716
40116729
40116745
40116764
40116767
40116793
40116801
40116809
40116823
40116834
40116835
40116841
40116851
40116853
40116894
40116897
40116902
40116912
40120449
40120531
40120550
40120594
40120682
40120693
40120755
40120775
40120836
40120869
40120879
40121028
40121064
40121070
40121075
40121121
40121214
40121216
40121223
40121252
40121299
40123552
40123555
40123588
40123628
40123721
40123923
40123960
40124045
40124113
40124120
40124212
40124232
40124233
40124335
40124362
40124399
40124405
40124434
40126814
40126955
40127017
40127023
40127240
40127307
40127350
40127425
40127439
40127479
40127510
40127541
40127578
40130057
40130117
40130137
40130224
40130330
40130618
40130623
40130811
40132879
40132977
40133057
40133068
40133179
40133180
40133322
40133345
40133363
40133406
40133418
40133438
40133457
40133473
40133599
40133629
40135945
40136023
40136085
40136100
40136110
40136170
40136184
40136204
40136231
40138471
40138497
40138514
40138574
40138601
40138746
40140829
40140836
40140857
40140941
40141107
40141158
40143209
40143360
40143406
40143627
40143765
40143811
40145898
40145923
40146115
40146413
40146431
40146537
40148743
40148871
40149060
40150771
40150860
40150911
40151147
40151272
40151420
40161039
40161116
40161431
40161453
40167807
40168085
40176606
40192489
40219981
40220034
40220103
40220118
40220243
40224155
40224348
40229868
40229888
40232825
40233056
40235993
40238646
40238844
40241487
40241488
40244108
40245886
40248301
40255184
40257840
40259863
40259904
40259930
40260049
40260074
40262582
40264804
40264815
40266888
40269231
40271677
40271957
40274741
40274821
40277192
40280407
40283239
40285595
40285643
40285958
40286119
40312887
40313062
40313117
40313357
40318131
40322142
40326061
40326226
40329955
40329963
40329965
40333612
40333631
40333731
40333832
40333921
40333968
40334102
40334103
40334116
40338235
40338531
40338532
40338583
40338683
40338697
40338713
40343046
40343056
40346497
40346714
40346725
40351008
40351026
40351103
40351314
40351423
40357237
40357348
40359698
40359716
40362194
40362219
40362236
40362257
40362264
40362356
40362542
40362697
40364407
40364695
40364889
40366862
40368406
40368443
40368452
40370344
40370431
40370467
40370584
40370625
40370712
40370775
40370797
40372514
40374225
40376366
40377961
40378128
40379754
40379853
40380014
40382025
40382052
40382181
40382222
40382246
40382268
40382355
40382443
40382487
40382554
40382568
40382597
40382632
40382682
40382993
40383012
40383098
40383150
40383165
40383176
40383208
40383209
40383218
40383239
40383264
40383325
40383339
40383340
40383352
40383356
40383434
40383501
40383685
40383698
40383765
40383816
40383830
40383831
40383858
40383915
40384100
40384117
40384344
40384415
40384512
40384622
40384664
40384690
40384741
40384765
40384788
40384958
40384966
40385191
40385214
40385391
40385426
40385452
40385538
40385573
40385592
40385651
40385737
40385750
40385779
40385794
40385795
40385804
40385805
40385858
40385865
40385873
40385916
40385962
40385972
40385988
40386000
40386001
40386014
40386015
40386017
40386040
40386114
40386142
40386153
40386154
40386164
40386180
40386208
40386303
40386306
40386336
40386355
40386372
40393509
40393609
40393982
40394651
40398271
40398366
40398908
40399305
40399310
40399443
40405754
40406357
40409836
40412918
40413100
40416583
40416610
40416693
40419467
40419525
40422022
40422390
40422670
40422679
40422848
40426866
40427054
40427084
40432999
40440842
40443370
40445617
40448091
40449980
40450239
40452297
40452384
40452393
40452579
40452618
40452636
40452637
40452664
40452766
40452769
40452780
40461719
40463928
40468180
40471601
40476248
40482379
40482409
40482459
40482467
40482527
40482578
40482682
40482705
40482712
40482715
40482785
40482799
40482808
40488755
40489009
40489029
40489115
40491254
40617255
40617286
40617294
40617322
40617353
40617382
40617388
40617389
40617394
40617409
40617428
40617438
40617443
40617452
40617457
40617460
40617465
40617471
40617488
40617502
40617504
40617509
40617537
40617543
40617560
40617591
40617597
40617601
40617602
40617619
40617626
40617644
40617650
40617694
40617713
40617743
40617749
40617752
40617755
40617808
40621308
40623516
40628680
40628688
40628693
40628694
40628701
40628702
40628707
40628710
40628712
40628715
40628724
40628730
40628734
40628744
40628747
40628751
40628753
40628754
40628766
40628770
40628774
40628782
40628804
40628806
40628811
40628818
40628820
40628831
40628844
40628853
40628855
40628859
41937234
41937240
41939116
41940798
41941466
41944556
41946208
41947346
41955071
41955073
41955075
41958348
41968196
41974097
42014364
42047243
42053614
42083158
42090342
42096853
42132175
42297546
42297849
42299500
42302437
42302994
42328982
42334960
42337825
42838571
42838572
42838597
42838607
42838625
42838662
42838677
42838684
42838694
42838703
42838725
42838740
42838745
42838746
42838749
42838755
42838756
42841045
42845908
42847283
42851799
42882517
42885751
43044193
43044478
43044564
43044615
43062665
43062800
43063885
43063916
43064090
43077927
43079061
43176339
43181420
43184043
43184072
43185234
43187278
43187285
43187312
43188397
43188425
43188433
43193157
43196512
43196547
43200582
43200640
43200650
43203044
43203045
43205298
43206074
43206084
43208224
43211302
43211317
43214305
43214331
43229303
43236324
43240541
43244199
43247526
43248648
43258038
43275278
43301293
43327066
43341966
43354474
43361547
43373675
43384159
43399546
43402783
43410670
43411572
43411577
43413054
43418511
50005530
50005631
50005647
50005649
50012641
50012644
50012645
50012646
50012648
50012649
50012650
50013178
50013179
50013215
50013381
50013681
50022807
50022832
50022859
50022877
50022899
50023129
50023221
50023304
50023319
50023449
50023582
50023856
50023881
50024066
50024084
50024301
50024520
50024562
50024687
50024914
50024929
50025079
50036780
50036782
50036795
50036806
50036810
50036818
50036827
50036837
50036842
50036843
50036856
50040501
50040537
50040634
50040659
50040686
50040718
50040719
50040734
50040746
50040792
50040842
50040857
50040876
50040891
50040948
50041008
50041053
50041059
50041104
50041180
50041202
50046351
50046365
50046367
50046368
50046385
50046386
50046387
50046417
50046418
50046419
50046420
50046421
50046431
50046441
50046442
50046448
50046460
50046461
50046473
50046475
50046507
50047665
50047666
50047667
50047670
50047671
50047672
50047674
50047675
50047681
50047717
50057165
50057488
50057490
50057492
50057493
50060698
50060703
50060737
50060777
50060786
50060819
50060839
50060840
50060847
50060854
50060872
50060882
50060908
50060919
50060921
50060922
50060932
50060934
50060967
50060994
50061005
50061043
50061048
50061053
50061083
50061096
50061112
50061115
50061122
50061132
50061176
50061201
50061214
50061243
50061252
50061266
50061282
50061288
50061299
50061326
50061328
50061348
50061350
50061391
50061392
50061394
50061398
50061404
50061409
50061428
50061438
50061461
50061478
50061495
50061513
50061525
50061542
50061544
50061549
50061574
50061575
60006317
60006340
60006342
60006348
60006350
60006351
60006354
60006358
60006361
60006363
60006366
60006367
60006373
60006374
60006382
60006386
60006390
60006394
60006395
60006397
60006400
60006415
60006417
60006418
60006426
60006427
60006428
60006433
60006436
60006448
60006462
60006465
60006478
60006502
60006503
60006506
60006507
60006508
60006510
60006512
60006513
60006516
60006517
60006519
60006520
60006524
60006525
60006527
60006528
60006530
60006532
60006533
60006535
60006536
60006537
60006538
60006539
60006540
60006546
60006547
60006548
60006550
60006551
60006555
60006558
60006559
60006560
60006561
60006564
60006566
60006567
60006573
60006576
60006577
60006580
60006581
60006582
60006583
60006585
60006587
60006588
60006590
60006592
60006694
60006695
60006697
60006704
60006741
60006758
60006767
60006770
60006772
60006777
60006778
60006779
60006783
60006784
60006785
60006790
60006793
60006794
60006795
60006796
60006797
60006798
60006801
60006802
60006816
60006819
60006820
60006822
60006823
60006824
60006825
60006836
60006838
60006846
60006848
60006850
60006852
60006856
