40635797
40635848
40635918
40639332
40641867
40641909
40642061
40649181
40649321
41333382
41333384
41333417
41333440
41333453
41333466
41333471
41333475
41334546
41334596
41336272
41337013
41337023
41338304
41341614
41350394
41350402
41361455
41810055
41815949
41822269
41874277
42204045
42204049
42204090
42204115
42216542
42216574
42223297
42223308
42227041
42227591
42238280
42238308
42251661
42251722
42262570
42265592
42276516
42277291
42278818
42285785
42289665
42382343
42401120
42403765
42414537
42835887
42835920
42835931
42835932
42835953
42835967
42835969
42835971
42835977
42836003
42836013
42836016
42836018
42836021
42836034
42836062
42836082
42836117
42836154
42836158
42836180
42836190
42836200
42836204
42836212
42836220
42836243
42836252
42836276
42836279
42836280
42836290
42836310
42836317
42836318
42836329
42836349
42836356
42836368
42836369
42836371
42836387
42836388
42836396
42836404
42836408
42836418
42836438
42836446
42836457
42836458
42836463
42836476
42836488
42836489
42836495
42836516
42836534
42836576
42836600
42836604
42836607
42836617
42836621
42836625
42836629
42836661
42836662
42836675
42836677
42836702
42836708
42836746
42836765
42836766
42836772
42836787
42836788
42836809
42836819
42836857
42836878
42836885
42836887
42836911
42836919
42836950
42836957
42836972
42836976
42836988
42836996
42837000
42837025
42837027
42837037
42837043
42837078
42837086
42837102
42837141
42839437
42839581
42839804
42839818
42839851
42839934
42840136
42840139
42840162
42840201
42840233
42842012
42842116
42843403
42843729
42843762
42844985
42845337
42848162
42848990
42849386
42849400
42850201
42850383
42850437
42852486
42852508
42853033
42853046
42853097
42853194
42853326
42853359
42853954
42854281
42854492
42854529
42854618
42854714
42855143
42855183
42855197
42855246
42861202
42863427
42892564
42892681
42894240
42894429
42942698
42970281
43035033
43035069
43035176
43035219
43035431
43035641
43035965
43036134
43054361
43054610
43070769
43071104
43089136
43090054
43090585
43092223
43098436
43136168
43168390
43168698
43169991
43170710
43180964
43180972
43180978
43192904
43202786
50005058
50005179
50005440
50005748
50012741
50012743
50013214
50013219
50013220
50013580
50016124
50016688
50016692
50016734
50016809
50016885
50016896
50016929
50016986
50017050
50017061
50017097
50017168
50017173
50017206
50017250
50017257
50017274
50017308
50017356
50017427
50017446
50017500
50017542
50017581
50017625
50017643
50017654
50017678
50017693
50017698
50017701
50017764
50017770
50017787
50017801
50017832
50017890
50017942
50017953
50017967
50018015
50018048
50018053
50036505
50036550
50038400
50038453
50038507
50038510
50038554
50038558
50038583
50038688
50038728
50038741
50046785
50047631
50047942
50047946
50047963
50047969
50047970
50047971
50047972
50047973
50047976
50047977
50047978
50047980
50047981
50047984
50047986
50047987
50047988
50047990
50047992
50047993
50047994
50047995
50047996
50047997
50047998
50047999
50048000
50048001
50048002
50048004
50048005
50048006
50048007
50048008
50048009
50048010
50048011
50048012
50048013
50048014
50048015
50048016
50048017
50048018
50048019
50048020
50048023
50048026
50048031
50056977
50056978
50056979
50056983
50056985
50056992
50056993
50057111
50057147
50057464
50058400
50058543
50058598
50058602
50058627
50058645
50058661
50058678
50058692
50058697
50058704
50058729
50058748
50058772
50058823
50058853
50058857
50058892
50058902
50058932
50058953
50058967
50058977
50059005
50059035
60002895
60002896
60002901
60002902
60002904
60002905
60002910
60002913
60002915
60002917
60002918
60002922
60002929
60002931
60002932
60002933
60002934
60002937
60003029
60003030
60003031
60003032
60003033
60003034
60003035
60003036
60003037
60003038
60003039
60003040
60003041
60003042
60003043
60003044
60003046
60003048
60003049
60003052
60003054
60003057
60003069
60003070
60003074
60003075
60003077
60003078
60003080
60003081
60003084
60003089
60003091
60003093
60003094
60003095
60003097
60003098
60003101
60003104
60003105
60003106
60003108
60003112
60003133
60003192
60003194
60003195
60003197
60003200
60003205
60003207
60003212
60003216
60003217
60003219
60003220
60003221
60003223
60003225
60003228
60003229
60003230
60003231
60003234
60003236
60003239
60003242
60003243
60003248
60003249
60003251
60003253
60003255
60003257
60003258
60003260
60003264
60003265
60003267
60003268
60003273
60003274
60003276
60003277
60003278
60003282
60003284
60003285
60003286
60003289
60003290
60003291
60003292
60003293
60003295
60003296
60003297
60003300
60003302
