40026115
40026132
40026133
40026167
40026194
40026195
40026233
40026239
40026290
40026314
40026363
40026375
40026396
40026406
40026409
40026432
40026440
40026498
40026505
40026517
40026523
40026531
40026538
40026540
40026587
40026592
40026602
40026603
40026606
40026623
40026627
40026691
40026695
40026715
40026744
40026756
40026876
40027075
40027208
40027284
40027309
40027385
40027401
40027425
40027518
40027543
40027544
40027546
40027591
40027605
40027617
40027623
40027635
40027695
40027737
40027741
40027750
40027759
40027762
40027800
40027864
40027894
40027914
40027950
40027959
40027981
40028018
40028020
40028083
40028097
40028106
40028182
40028190
40028210
40028215
40028242
40028284
40028325
40028379
40028435
40028484
40028493
40028514
40028540
40028632
40028647
40028657
40028665
40028672
40028675
40028679
40028709
40028734
40028784
40028785
40028787
40028809
40028852
40028854
40029028
40029033
40029059
40029060
40029093
40029117
40029139
40029181
40029192
40029214
40029234
40029237
40029286
40029303
40029333
40029376
40029388
40029416
40029420
40029424
40029441
40029477
40029507
40029513
40029540
40029541
40029558
40029566
40029607
40029630
40029641
40029691
40029727
40036327
40036361
40036363
40036384
40036393
40036472
40036513
40036556
40036557
40036619
40036653
40036659
40036669
40036755
40036782
40036810
40036811
40036820
40037149
40037247
40037339
40037342
40037350
40037359
40043210
40043213
40043231
40043339
40043402
40043432
40043436
40043599
40043635
40043688
40043727
40043768
40043810
40043877
40043882
40043897
40043973
40043982
40043992
40075167
40075185
40075214
40075228
40075229
40075282
40075298
40075340
40075351
40075364
40075368
40075372
40075387
40075409
40075415
40075426
40075525
40075585
40075588
40075590
40075614
40075619
40075621
40075631
40075654
40075668
40075710
40075775
40075864
40075882
40075886
40075942
40075982
40075998
40076024
40076059
40076097
40076130
40076152
40076161
40076180
40076208
40076250
40076301
40076311
40076328
40076401
40076417
40076432
40076451
40076455
40076472
40076473
40076477
40076502
40076504
40076545
40076556
40076609
40076610
40076626
40076629
40076630
40076659
40076672
40076673
40076677
40076715
40076743
40076766
40076770
40076818
40076820
40076836
40076837
40076846
40076884
40076885
40076955
40076963
40076982
40076994
40077015
40077045
40077119
40077121
40077137
40077142
40077158
40077189
40077205
40077235
40077285
40077311
40077316
40077341
40077373
40077390
40077398
40077434
40077442
40077469
40077470
40077489
40077550
40077704
40077769
40077778
40077808
40077833
40077890
40077893
40077968
40078026
40078051
40078129
40078167
40078206
40078213
40078253
40078272
40078359
40078479
40078499
40078530
40078559
40078566
40078608
40078620
40078632
40078633
40078698
40078710
40078783
40078817
40078830
40078836
40078855
40078870
40079022
40079043
40079048
40079059
40079098
40079112
40087499
40087557
40087573
40087601
40087685
40087724
40087761
40087799
40087831
40087855
40087859
40087915
40087950
40087980
40088016
40088105
40088226
40088406
40088447
40088605
40088769
40088771
40093721
40093772
40093783
40093807
40093815
40093816
40093824
40093849
40093853
40093901
40093908
40093915
40093922
40093929
40093931
40093983
40093990
40093998
40094253
40094304
40094317
40094361
40094366
40094382
40094385
40094391
40094468
40094470
40094504
40094511
40094530
40094535
40094717
40099740
40099769
40099775
40099815
40099832
40099856
40099912
40099917
40100085
40100118
40103776
40103829
40104372
40107667
40107669
40107687
40107783
40107825
40107833
40107843
40107897
40108005
40108324
40108506
40108522
40111079
40111118
40111120
40114233
40114276
40119526
40119531
40119535
40119536
40119544
40119546
40119548
40119549
40119550
40119551
40119552
40119556
40119559
40119562
40119563
40119564
40119567
40119568
40119899
40119924
40119945
40119951
40119953
40119956
40119974
40119975
40119976
40119977
40119979
40119981
40119988
40119991
40120001
40120002
40120008
40120009
40120010
40120012
40120014
40120017
40120023
40120027
40120029
40120030
40120032
40120034
40120036
40120040
40120041
40120042
40120043
40120045
40120046
40120052
40120053
40120054
40120055
40120056
40120057
40120058
40120062
40120063
40120065
40120067
40120069
40120072
40120075
40120078
40120079
40120080
40120083
40120092
40120093
40120094
40120095
40120096
40120102
40120103
40120104
40120105
40120109
40120110
40120111
40120112
40120113
40120115
40120117
40120118
40120119
40120122
40120124
40120125
40120126
40120129
40120132
40120138
40120148
40120181
40120205
40122977
40122978
40122998
40123010
40123028
40123065
40123071
40123074
40123075
40123092
40123096
40123113
40123122
40123453
40123507
40126011
40126039
40126054
40126060
40126064
40126598
40126600
40126613
40126628
40126640
40126644
40126663
40129301
40129322
40129374
40129380
40129816
40129844
40129954
40129988
40130034
40130047
40132690
40132714
40132737
40132744
40135204
40135298
40135320
40135324
40135328
40135333
40135377
40137853
40137880
40137887
40137906
40138341
40138342
40140323
40140336
40140360
40140371
40140460
40142643
40142674
40143116
40143153
40147998
40148035
40148039
40148052
40148056
40148057
40148554
40148560
40150299
40150333
40153020
40153028
40153044
40166399
40166765
40166896
40167032
40167245
40171942
40175838
40179297
40182415
40188865
40195100
40198043
40206641
40209609
40209670
40212187
40212243
40214721
40217403
40223071
40228937
40232056
40235028
40235066
40245395
40247593
40247809
40252716
40257235
40257257
40261742
40264036
40268667
40276561
40284874
40294324
40317320
40321297
40337574
40337582
40337584
40337616
40337619
40337637
40337641
40337678
40337732
40337782
40337850
40337993
40338008
40338024
40338143
40342656
40345727
40350328
40350700
40350766
40359122
40361807
40361876
40363897
40364070
40364089
40364098
40364303
40364333
40370116
40371898
40375760
40379315
40379406
40379593
40381244
40392456
40392461
40392478
40392481
40392489
40392514
40392531
40392572
40392578
40392596
40392599
40392610
40392641
40392652
40392653
40392656
40392657
40392662
40392671
40392672
40392694
40392710
40392711
40392716
40392732
40392734
40392749
40392751
40392773
40392783
40392791
40392792
40392796
40392828
40392857
40392860
40392885
40392927
40392932
40392933
40392936
40392991
40393018
40393077
40393081
40393104
40393157
40393173
40393193
40393195
40393206
40393243
40393245
40393248
40393251
40393271
40397425
40405003
40405088
40418419
40418450
40421151
40425949
40426066
40426082
40426086
40426111
40458976
40484390
40538211
40546275
40555156
43300263
43301744
43301793
43307101
43320777
43377729
50004137
50004216
50004224
50004259
50004342
50004343
50004350
50004640
50004664
50004670
50004671
50004672
50004702
50011720
50012479
50012486
50012498
50012636
50012637
50012708
50012709
50012710
50013200
50013202
50013203
50014039
50035209
50035243
50035265
50035275
50035308
50035338
50035344
50035346
50035364
50035403
50035432
50035453
50035514
50035544
50035548
50035550
50035555
50035575
50035582
50035591
50035680
50035683
50035698
50035746
50035747
50035778
50035792
50035807
50035812
50035813
50035825
50035865
50035892
50035924
50035947
50035960
50035990
50036002
50036011
50036012
50036022
50036059
50036061
50036083
50036089
50036090
50036107
50036203
50036218
50036219
50036236
50036237
50036245
50036254
50036262
50036274
50036281
50036283
50036284
50036304
50037581
50037585
50037588
50037597
50037602
50037604
50037616
50037629
50037631
50037634
50037636
50044617
50044627
50044629
50044666
50044682
50044700
50044706
50044712
50044726
50044742
50044783
50044807
50044843
50044851
50044867
50044883
50044886
50044913
50044923
50044954
50044963
50045056
50045083
50045084
50045103
50046258
50046304
50046328
50046329
50046330
50046331
50046332
50046333
50046334
50047403
50047404
50047405
50047406
50047407
50047408
50047409
50047410
50047411
50047412
50047413
50047414
50047415
50047416
50047418
50047419
50047420
50047421
50047422
50047424
50047425
50047426
50047427
50047428
50047429
50047430
50047431
50047434
50047435
50047436
50047437
50047438
50047439
50047441
50047442
50047443
50047444
50047445
50047446
50057439
50057451
50057457
50057458
50057531
50057532
50057533
50066449
50066475
50066491
50066499
50066500
50066531
50066561
50066582
50066586
50066601
50066606
50066609
50066618
50066625
50066658
50066663
50066664
50066669
50066680
50066683
50066686
50066696
50066701
50066705
50066706
50066709
50066711
50066712
50066713
50066718
50066719
50066723
50066733
50066735
50066737
50066739
50066743
50066745
50066749
50066761
50066770
50066798
50066799
50066812
50066815
50066828
50066829
50066830
50066836
50066848
50066859
50066861
50066871
50066875
50066876
50066879
50066895
50066904
50066908
50066911
50066913
50066922
50066926
50066928
50066931
50066932
50066935
50066944
50066945
50066955
50066956
50066976
50066983
50066987
50066988
50067003
50067008
50067012
50067013
50067015
50067017
50067020
50067025
50067026
50067027
50067029
50067031
50067034
50067035
50067038
50067052
50067070
50067075
50067087
50067095
50067114
50067115
50067120
50067131
50067139
50067155
50067157
50067165
50067167
50067175
50067187
50067240
60012505
60012506
60012507
60012508
60012509
60012510
60012512
60012513
60012514
60012515
60012516
60012517
60012519
60012520
60012521
60012522
60012523
60012524
60012525
60012526
60012527
60012528
60012529
60012530
60012531
60012532
60012533
60012534
60012535
60012536
60012537
60012538
60012539
60012541
60012542
60012544
60012545
60012546
60012547
60012549
60012555
60012556
60012558
60012560
60012561
60012562
60012564
60012565
60012566
60012567
60012568
60012569
60012571
60012572
60012573
60012575
60012577
60012578
60012579
60012580
60012581
60012583
60012584
60012585
60012587
60012588
60012590
60012592
60012594
60012595
60012596
60012597
60012598
60012599
60012600
60012601
60012602
60012603
60012604
60012608
60012609
60012610
60012611
60012612
60012613
60012615
60012616
60012617
60012621
60012622
60012623
60012625
60012626
60012627
60012630
60012798
60012881
60012882
60012883
60012884
60012885
60012887
60012888
60012889
60012890
60012892
60012894
60012895
60012897
60012898
60012901
