40003694
40003783
40003812
40003895
40003903
40003910
40003916
40003930
40003950
40003951
40004007
40004034
40004126
40004134
40004182
40004202
40004208
40004214
40004245
40004274
40004276
40004282
40004363
40004399
40004432
40004433
40004447
40004467
40004550
40004612
40004621
40004633
40004698
40004768
40004801
40004812
40004845
40004860
40004916
40004932
40004933
40004987
40005003
40005067
40005083
40005132
40005133
40005155
40005192
40005220
40005295
40005318
40005362
40005419
40005434
40005557
40005676
40005678
40005716
40005747
40005751
40005818
40005820
40005832
40005852
40005859
40005920
40005955
40006016
40006038
40006084
40006103
40006104
40006111
40006117
40006158
40006175
40006235
40006236
40006314
40006317
40006319
40006330
40006340
40006344
40006345
40006352
40006362
40006402
40006419
40006497
40006517
40006539
40006548
40006610
40006651
40006714
40006724
40006805
40006832
40006850
40006896
40006928
40007015
40007016
40007019
40007020
40007037
40007048
40007121
40007123
40007172
40007184
40007245
40007252
40007322
40007438
40007439
40007529
40007550
40007633
40007645
40007647
40007648
40007748
40007752
40007763
40007808
40007903
40007936
40008007
40008018
40008077
40008201
40008239
40008283
40008316
40008382
40008390
40008399
40008402
40008447
40008456
40008503
40030726
40030870
40030874
40030923
40030932
40030939
40030957
40031131
40031294
40031328
40031333
40031384
40031456
40031504
40031517
40031591
40031614
40031676
40031729
40031733
40031801
40031992
40038413
40038469
40038472
40038487
40038749
40038828
40038958
40038973
40039001
40039209
40039323
40039362
40039364
40039441
40039463
40039470
40048700
40048716
40048725
40048753
40048764
40048768
40048827
40048839
40048896
40048917
40048989
40049013
40049041
40049069
40049094
40049104
40049112
40049299
40049311
40049375
40049388
40049400
40049450
40049451
40049452
40049467
40049563
40049626
40049677
40049688
40049699
40049728
40049738
40049769
40049823
40049882
40049912
40049940
40050000
40050001
40050041
40050049
40050072
40050076
40050105
40050182
40050211
40050221
40050242
40050294
40050332
40050406
40050436
40050458
40050577
40050580
40050642
40050718
40050728
40050773
40050776
40050803
40050837
40050902
40050958
40050981
40051092
40051109
40051148
40051182
40051233
40051252
40051256
40051271
40051311
40051379
40051392
40051399
40051469
40051486
40051497
40051532
40051542
40051567
40051599
40051750
40051758
40051759
40051765
40051931
40051945
40051949
40052029
40052031
40052047
40052054
40052153
40052203
40052222
40052235
40052253
40052343
40052432
40052547
40052553
40052564
40052639
40052771
40052788
40052829
40052836
40052892
40052943
40052959
40052969
40052970
40053059
40053156
40053219
40053326
40053374
40053401
40053412
40053453
40053542
40053545
40053550
40053574
40053642
40053764
40053784
40053813
40053821
40053822
40053837
40054021
40054044
40054059
40054116
40054181
40054190
40054285
40054298
40054355
40080753
40080832
40080837
40080901
40080955
40081125
40081151
40081210
40081283
40081290
40081358
40081481
40081522
40081599
40081618
40081767
40081967
40082140
40082188
40089805
40089910
40089949
40089961
40090031
40090214
40090228
40090244
40090245
40090250
40090270
40090273
40090292
40090305
40090310
40090319
40090330
40090343
40090357
40090449
40090453
40090460
40090490
40090514
40090532
40090548
40090549
40090577
40090588
40090590
40090595
40090623
40095672
40095736
40095803
40095821
40095881
40095886
40096217
40096238
40096271
40096289
40096491
40101356
40101369
40101421
40101518
40105253
40105296
40105349
40105379
40105490
40105496
40105560
40105623
40105636
40105648
40105667
40105684
40105741
40105770
40105776
40109104
40109359
40112288
40112296
40112333
40112402
40112563
40112572
40112689
40116925
40116941
40116943
40116946
40116959
40116964
40116966
40116967
40116974
40116979
40116981
40116988
40116993
40116995
40117001
40117008
40117009
40117023
40117026
40117029
40117031
40117035
40117037
40117051
40117052
40117053
40117054
40117064
40117065
40117068
40117070
40117073
40117085
40117090
40117093
40117094
40117102
40117105
40117110
40117120
40117130
40117137
40117144
40117149
40117156
40117157
40117165
40117166
40117167
40117178
40117181
40117186
40117188
40117205
40117206
40117209
40117218
40117220
40117222
40117224
40117227
40117230
40117231
40117232
40117233
40117238
40117239
40117245
40117247
40117250
40117252
40117255
40117256
40117264
40117266
40117275
40117279
40117283
40117286
40117287
40117288
40117289
40117290
40117293
40117294
40117297
40117301
40117313
40117315
40117322
40117325
40117328
40117329
40117334
40117342
40117344
40117347
40117352
40117353
40117354
40117355
40117360
40117361
40117378
40121375
40121391
40121397
40121399
40121407
40121427
40121457
40121465
40121501
40121545
40124455
40124471
40124540
40124548
40124586
40124651
40124662
40124692
40124696
40124700
40124704
40127790
40127812
40127833
40127844
40127868
40127985
40127990
40130828
40130875
40130880
40130973
40131025
40133745
40133827
40133857
40133896
40133916
40136385
40136405
40136412
40136442
40136455
40136602
40138909
40138929
40141226
40141227
40141276
40141363
40141406
40143858
40143970
40144085
40146611
40146721
40146785
40146798
40149253
40151552
40162125
40162523
40162806
40162974
40168657
40169240
40172917
40173427
40173582
40177300
40177724
40180813
40180868
40183628
40184006
40187346
40190241
40190385
40193102
40193292
40202110
40210662
40210942
40211085
40211116
40218380
40218401
40220715
40224476
40224800
40224854
40227537
40227577
40227605
40230338
40230495
40233213
40236231
40239435
40241796
40244287
40244293
40246325
40255705
40262830
40269435
40269744
40275216
40277603
40277907
40280601
40280707
40280723
40280832
40283664
40283710
40287725
40287859
40287904
40287981
40288122
40288221
40288224
40288301
40288423
40297343
40297374
40297606
40297963
40298422
40298505
40298576
40309237
40313504
40314071
40314186
40314344
40318735
40323036
40323092
40323118
40326562
40326591
40326824
40326918
40330198
40330820
40330887
40334049
40338947
40339139
40343217
40346799
40346925
40346950
40351569
40351580
40351595
40355055
40355075
40357542
40360136
40362772
40362923
40362995
40366939
40370876
40370898
40371010
40372957
40376463
40376465
40376490
40378424
40380460
40386362
40386380
40386419
40386436
40386459
40386490
40386541
40386584
40386633
40386651
40386669
40386670
40386680
40386709
40386749
40386779
40386780
40386913
40386934
40386936
40386976
40386995
40386998
40386999
40387017
40387021
40387036
40387048
40387060
40387067
40387089
40387093
40387167
40387190
40387212
40387224
40387225
40387229
40387244
40387261
40387303
40387304
40387305
40387348
40387350
40387380
40387383
40387388
40387389
40387402
40387404
40387439
40387445
40387499
40387509
40387510
40387535
40387544
40387582
40387598
40387601
40387628
40387669
40387682
40387696
40387702
40387710
40387728
40387789
40394782
40394974
40395034
40395144
40395199
40395413
40399949
40400446
40400612
40400715
40400934
40400949
40406790
40406916
40410171
40410254
40414159
40419769
40422870
40422967
40423079
40423276
40423338
40423365
40423415
40423479
40423525
40428170
40428290
40428358
40428596
40428648
40428677
40428680
40428714
40433491
40433624
40433628
40437451
40446104
40446322
40448477
40448517
40448579
40448618
40448627
40452891
40452894
40452976
40452990
40452993
40453011
40453012
40453015
40453045
40453069
40453080
40453115
40455699
40461893
40464056
40468553
40468556
40468570
40468613
40468671
40471889
40471983
40472340
40472342
40476395
40476608
40479275
40479290
40482883
40482915
40482933
40482934
40482935
40482938
40482942
40482948
40482954
40483008
40483011
40483033
40485336
40489197
40489275
40489291
40489292
40489294
40489298
40489316
40491494
40491500
40496519
40496539
40496562
40496567
40496587
40496623
40496659
40496672
40496676
40496696
40496700
40496710
40496755
40496774
40496780
40496801
40496804
40496817
40496834
40496839
40496840
40496844
40496856
40496902
40496906
40496910
40496911
40496915
40496927
40496931
40496948
40496949
40496950
40496956
40496968
40496982
40496984
40496985
40497000
40497006
40497031
40497077
40497084
40497106
40497111
40497115
40497121
40497127
40497129
40497132
40497140
40497159
40497160
40497163
40497173
40497191
40497223
40497225
40497228
40497245
40497255
40497296
40516452
40520519
40520696
40524007
40617830
40617844
40617856
40617861
40617868
40617874
40617916
40617930
40617956
40617966
40617985
40617986
40617987
40618007
40618014
40618025
40618037
40618042
40618075
40618080
40618081
40618089
40618124
40618127
40618128
40618135
40618176
40618216
40618220
40618250
40618292
40618297
40618299
40618302
40618304
40618318
40618322
40618385
40618398
40618401
40618405
40618409
40618426
40618429
40618433
40618455
40618466
40618478
40618484
40618489
40618509
40618541
40618587
40618651
40618681
40618711
40618713
40618720
40618726
40618757
40618784
40618791
40618796
40618797
40638068
40640846
41934972
41934986
41934996
41935002
41935735
41935739
41935756
41935761
41935763
41935765
41936390
41937267
41937271
41938025
41938033
41938416
41938422
41938429
41938431
41938443
41938800
41939452
41939759
41939763
41939772
41940068
41940330
41940813
41940831
41941482
41941767
41941774
41941779
41943788
41945700
41947011
41947726
41948035
41948883
41952390
41952488
41955085
41955094
41955096
41955098
41955101
41955104
41955111
41955113
41955114
41955115
41955120
41955125
41955129
41955132
41955137
41955138
41955141
41955146
41955753
41955759
41956615
41956939
41956953
41957275
41957280
41957933
41957942
41958761
41958762
41960369
41961656
41964756
41966665
41967824
41968242
41968243
41969998
41970029
41971103
41972146
41972591
41973312
41973766
41974970
41975973
41975984
41977621
41978573
41982134
41987860
41990701
41991272
42013483
42016456
42016479
42039818
42040880
42040915
42043470
42064329
42067780
42072367
42081756
42084629
42092529
42097945
42126581
42132211
42134493
42302767
42324348
42324359
42338646
42496757
42497260
42497285
42499116
42500210
42503146
42701754
42846027
42847455
42848656
42851873
43049519
43064353
43080278
43121583
43122035
43122510
43123881
43160710
43177466
43181535
43184107
43184111
43184116
43186322
43188471
43188564
43189497
43194373
43196782
43200884
43203312
43204480
43204500
43205479
43206271
43207463
43208425
43208483
43223892
43224787
43234504
43249537
43251260
43258197
43267846
43271132
43293461
43301316
43309887
43319507
43345926
43345928
43352219
43370911
43430368
50004716
50005648
50012651
50012652
50012653
50012654
50012656
50012657
50012659
50012660
50012726
50012727
50013180
50013182
50013766
50025349
50025374
50025610
50025649
50025736
50025898
50026180
50026183
50026203
50026218
50026225
50026380
50026416
50026759
50026835
50026872
50026963
50027056
50027064
50027096
50027136
50027227
50027239
50027243
50027268
50027294
50036895
50036907
50036910
50036911
50036915
50036921
50036933
50036945
50036962
50036965
50037030
50037037
50037039
50037045
50041247
50041258
50041315
50041324
50041346
50041371
50041374
50041388
50041408
50041451
50041455
50041468
50041500
50041551
50041625
50041687
50041732
50041750
50041958
50041962
50041998
50042005
50046488
50046489
50046490
50046518
50046519
50046520
50046522
50046545
50046546
50046548
50046549
50046570
50046571
50046573
50046576
50046577
50046582
50046588
50047718
50047719
50047721
50055367
50057283
50057286
50057311
50057314
50057494
50057497
50057498
50057499
50057500
50057501
50057504
50057511
50057520
50057597
50061603
50061607
50061629
50061669
50061679
50061682
50061727
50061729
50061736
50061737
50061765
50061787
50061802
50061819
50061821
50061826
50061854
50061864
50061883
50061911
50061914
50061925
50061982
50062029
50062036
50062042
50062067
50062089
50062090
50062101
50062107
50062124
50062144
50062148
50062154
50062232
50062240
50062243
50062253
50062269
50062274
50062295
50062313
50062340
50062360
50062373
50062414
50062417
50062441
50062456
50062461
50062480
50062525
50062529
50062535
50062542
50062550
50062551
50062552
50062556
50067245
50067282
60006343
60006344
60006345
60006346
60006349
60006352
60006353
60006355
60006360
60006364
60006365
60006370
60006371
60006372
60006375
60006378
60006381
60006383
60006384
60006385
60006387
60006689
60006690
60006691
60006692
60006693
60006696
60006698
60006699
60006703
60006705
60006715
60006739
60006740
60006769
60006775
60006780
60006781
60006782
60006786
60006787
60006792
60006799
60006803
60006818
60006821
60006826
60006827
60006828
60006829
60006830
60006831
60006834
60006837
60006842
60006843
60006844
60006845
60006847
60006857
60006862
60006863
60009943
60009944
60009945
60009950
60009951
60010069
60010077
60010081
60010085
60010091
60010168
60010171
60010174
60010175
60010178
60010181
60010182
60010183
60010187
60010188
60010189
60010190
60010230
60010244
60010247
60010258
60010270
60010292
60010296
60010298
60010300
