40627315
40627344
40627361
40627367
40627372
40631527
40636254
40636323
40636328
40636332
40636349
40636380
40636477
40636482
40636547
40636594
40636626
40636790
40636842
40636846
40636854
40636972
40636991
40637005
40637009
40637088
40639598
40639618
40639774
40639896
40639966
40642505
40642525
40642598
40642759
40642765
40642848
40642923
40643099
40643101
40646381
40646569
40646873
40646944
40649316
40649434
40649441
40649449
40649772
40652267
40652644
40659644
40661618
40661751
40661815
40661819
40662188
41333515
41333538
41333541
41333553
41333557
41334648
41335502
41339488
41339495
41342328
41344361
41344933
41349453
41533032
41715203
41806302
41806306
41806331
41808377
41808929
41809485
41810651
41810653
41813995
41814001
41819406
41821854
41826780
41827489
41828333
41828993
41842844
41862069
41870120
41870565
41871857
41874306
41879286
41882848
41935566
41944956
41945366
41946856
41947224
41948261
41948781
41954918
41955596
41956817
41977805
42094013
42116314
42121436
42121756
42121764
42122235
42122655
42124171
42125113
42186747
42188233
42188546
42188547
42188964
42190302
42192812
42193878
42203243
42204249
42204263
42204281
42205612
42216590
42216595
42216596
42216614
42223348
42225744
42227061
42233551
42235334
42239061
42255053
42260222
42262611
42264526
42265102
42265630
42265667
42265995
42266023
42266573
42266576
42267129
42267401
42267407
42267422
42267674
42270607
42270636
42272765
42273896
42274335
42293617
42401299
42401452
42401836
42474940
42478294
42626236
42660941
42837088
42837137
42837157
42837160
42837174
42837186
42837191
42837214
42837216
42837232
42837233
42837245
42837256
42837282
42837314
42837340
42837354
42837360
42837377
42837393
42837396
42837419
42837425
42837445
42837447
42837449
42837456
42837458
42837469
42837474
42837482
42837483
42837485
42837487
42837505
42837512
42837539
42837540
42837543
42837552
42837554
42837566
42837571
42837578
42837585
42837591
42837597
42837609
42837618
42837625
42837648
42837654
42837663
42837672
42837676
42837678
42837686
42837703
42837704
42837705
42837721
42837724
42837733
42837738
42837742
42837743
42837744
42837761
42837764
42837771
42837776
42837783
42837785
42837787
42837791
42837793
42837796
42837800
42837814
42837816
42837819
42837829
42837834
42837835
42837843
42837848
42837853
42837854
42837864
42837869
42837874
42837880
42837893
42837895
42837900
42837902
42837905
42837906
42837920
42837923
42837924
42837932
42837951
42837955
42837960
42837966
42837968
42837978
42837981
42837987
42838009
42838013
42838014
42838017
42838027
42838028
42838029
42838033
42838034
42838035
42838047
42838048
42838054
42838058
42838064
42838069
42838071
42838075
42838080
42838081
42838084
42838086
42838098
42838100
42838110
42840469
42840499
42840506
42840521
42840623
42840727
42842470
42843869
42845628
42845677
42847157
42848254
42867604
42868418
42870854
42910839
42951214
43025993
43103599
43172509
43174238
43181186
43181190
43181191
43181197
43181209
43181211
43181227
43181233
43181257
43182833
43182836
43187142
43189322
43191729
43192955
43200477
43211144
43219895
50005048
50005469
50005489
50005670
50012744
50012745
50012746
50012747
50012748
50012749
50013213
50013221
50013222
50013223
50013599
50018092
50018133
50018203
50018273
50018293
50018403
50018413
50018449
50018497
50018573
50018693
50018885
50018931
50018943
50018959
50018989
50019033
50019060
50019065
50019074
50019181
50019189
50019295
50019300
50019371
50019542
50019622
50019697
50019718
50019755
50019814
50019829
50019915
50019930
50019977
50019978
50019981
50020008
50020009
50020027
50020031
50020047
50020070
50020140
50020162
50020171
50020193
50020219
50020240
50036586
50036645
50039108
50039236
50039246
50039300
50039339
50039349
50039377
50039448
50039504
50039505
50039585
50039796
50047630
50047632
50047633
50047645
50047646
50047647
50047649
50047650
50048022
50048024
50048025
50048027
50048028
50048029
50048030
50048032
50048033
50048034
50048036
50048037
50048038
50048039
50048041
50048042
50048043
50048044
50048047
50048048
50048049
50048050
50048051
50048052
50048054
50048056
50048058
50048059
50048061
50048062
50048064
50048065
50048066
50048067
50048068
50048069
50048070
50048071
50048072
50048073
50048074
50048075
50048076
50048077
50048078
50048080
50048081
50048082
50048083
50048085
50048086
50048088
50048090
50048091
50048092
50048095
50048096
50048097
50048098
50048100
50048101
50048102
50048103
50048104
50048105
50057110
50057113
50057118
50057126
50057149
50057150
50057152
50057460
50057463
50057465
50057466
50057469
50057471
50057473
50057475
50057476
50057477
50059042
50059050
50059070
50059105
50059111
50059139
50059143
50059152
50059184
50059190
50059200
50059201
50059213
50059223
50059243
50059271
50059302
50059305
50059368
50059381
50059425
50059481
50059507
50059601
50059642
50059695
50059706
50059742
50059769
50059777
50059778
50059794
50059797
50059810
50059831
50059838
50059846
50059877
50059878
60002893
60002894
60002897
60002898
60002899
60002900
60002903
60002906
60002907
60002908
60002909
60002911
60002912
60002914
60002916
60002919
60002920
60002921
60002924
60002925
60002926
60002927
60002928
60002930
60002935
60002936
60002938
60002939
60002940
60002941
60002942
60002945
60002946
60002947
60002948
60002950
60002951
60002952
60002953
60002954
60002955
60002956
60002957
60002959
60002960
60002961
60002962
60002963
60002964
60002965
60002966
60002967
60002968
60002969
60002970
60002971
60002972
60002973
60002974
60002975
60002976
60002977
60002978
60002979
60002980
60002982
60002983
60002984
60002985
60002986
60002987
60002990
60002993
60002995
60002997
60002998
60003006
60003010
60003016
60003019
60003060
60003061
60003071
60003083
60003088
60006319
60006437
60006438
60006439
60006440
60006441
60006442
60006443
60006444
60006468
60006470
60006472
60006480
60006482
60006483
60006487
60006490
60006495
60006497
60006498
60006501
60006596
60006617
60006634
