40023922
40023993
40024024
40024038
40024054
40024070
40024074
40024090
40024104
40024113
40024119
40024125
40024138
40024140
40024148
40024153
40024179
40024186
40024225
40024228
40024232
40024244
40024273
40024274
40024284
40024285
40024302
40024305
40024309
40024314
40024317
40024327
40024335
40024336
40024337
40024338
40024346
40024351
40024355
40024362
40024368
40024369
40024372
40024390
40024401
40024406
40024416
40024417
40024421
40024422
40024426
40024442
40024443
40024450
40024459
40024462
40024464
40024475
40024476
40024481
40024495
40024500
40024506
40024510
40024522
40024524
40024525
40024527
40024529
40024530
40024540
40024542
40024543
40024545
40024547
40024550
40024567
40024570
40024575
40024585
40024590
40024591
40024593
40024595
40024616
40024625
40024629
40024632
40024634
40024635
40024638
40024642
40024655
40024657
40024659
40024661
40024662
40024671
40024682
40024685
40024697
40024700
40024701
40024706
40024708
40024711
40024713
40024715
40024720
40024722
40024723
40024725
40024731
40024733
40024734
40024737
40024738
40024739
40024740
40024741
40024743
40024744
40024750
40024751
40024761
40024763
40024764
40024765
40024767
40024769
40024776
40024777
40024779
40024781
40024787
40024788
40024789
40024793
40024796
40024798
40024799
40024803
40024805
40024806
40024807
40024810
40024815
40024826
40024832
40024833
40024838
40024841
40024842
40024850
40024854
40024858
40024859
40024860
40024861
40024866
40024875
40024879
40024881
40024884
40024887
40024890
40024891
40024895
40024899
40024902
40024906
40024908
40024909
40024910
40024916
40024917
40024919
40024923
40024926
40024927
40024930
40024931
40024932
40024934
40024939
40024940
40024943
40024950
40024951
40024956
40024960
40024967
40024970
40024976
40024978
40024979
40024981
40024985
40024990
40024991
40024994
40025002
40025004
40025006
40025007
40025008
40025009
40025015
40025019
40025028
40025033
40025036
40025037
40025038
40025041
40025042
40025044
40025046
40025048
40025051
40025053
40025056
40025057
40025060
40025061
40025066
40025068
40025070
40025071
40025075
40025076
40025078
40025079
40025083
40025093
40025094
40025096
40025099
40025100
40025101
40025106
40025107
40025108
40025111
40025119
40025123
40025124
40025131
40025135
40025137
40025138
40025140
40025141
40025142
40025144
40025145
40025147
40025149
40025150
40025154
40025156
40025157
40025166
40025169
40025171
40025174
40025175
40025180
40025183
40025185
40025190
40025191
40025195
40025198
40025202
40025204
40025207
40025208
40025209
40025211
40025212
40025214
40025216
40025219
40025220
40025221
40025224
40025225
40025227
40025228
40025229
40025231
40025233
40025235
40025236
40025248
40025255
40025257
40025260
40025264
40025267
40025272
40025276
40025280
40025283
40025289
40025291
40025294
40025299
40025301
40025309
40025310
40025314
40025315
40025320
40025322
40025325
40025326
40025327
40025328
40025330
40025336
40025338
40025347
40025348
40025354
40025358
40025362
40025363
40025369
40025370
40025371
40025372
40025374
40025381
40025384
40025388
40025389
40025391
40025393
40025395
40025396
40025401
40025405
40025413
40025416
40025417
40025425
40025426
40025428
40025439
40025442
40025446
40025448
40025449
40025451
40025453
40025455
40025458
40025459
40025460
40025461
40025463
40025467
40025469
40025476
40025479
40025482
40025485
40025488
40025489
40025490
40025491
40025492
40025495
40025497
40025499
40025502
40025503
40025507
40025512
40025514
40025515
40025517
40025519
40025523
40025526
40025528
40025530
40025531
40025532
40025545
40025549
40025550
40025555
40025556
40025557
40025565
40025568
40025577
40025580
40025581
40025586
40025587
40025588
40025592
40025594
40025595
40025613
40025614
40025615
40025617
40025621
40025628
40025630
40025638
40025639
40025643
40025645
40025646
40025647
40025653
40025657
40025658
40025664
40025667
40025669
40025672
40025673
40025674
40025675
40025676
40025682
40025694
40025696
40025697
40025704
40025707
40025708
40025710
40025713
40025714
40025715
40025716
40025720
40025721
40025725
40025727
40025729
40025730
40025733
40025735
40025736
40025739
40025741
40025744
40025748
40025751
40025752
40025755
40025756
40025757
40025758
40025766
40025768
40025770
40025771
40025781
40025782
40025785
40025786
40025791
40025792
40025794
40025795
40025798
40025799
40025800
40025801
40025803
40025805
40025806
40025807
40025812
40025821
40025826
40025831
40025835
40025839
40025840
40025847
40025851
40025859
40025863
40025864
40025866
40025872
40025874
40025878
40025880
40025883
40025884
40025888
40025891
40025892
40025897
40025900
40025902
40025903
40025904
40025907
40025910
40025911
40025914
40025915
40025921
40025924
40025928
40025931
40025934
40025939
40025941
40025946
40025956
40025966
40025969
40025972
40025973
40025975
40025980
40025987
40025990
40025991
40025995
40025997
40025998
40026003
40026004
40026006
40026008
40026010
40026011
40026012
40026015
40026018
40026022
40026025
40026033
40026040
40026045
40026047
40026056
40026060
40026061
40026062
40026064
40026065
40026067
40026070
40026072
40026076
40026077
40026083
40026089
40026091
40026092
40026093
40026098
40026111
40026120
40026125
40026126
40026129
40026141
40026145
40026146
40026149
40026150
40026151
40026155
40026156
40026162
40026173
40026178
40026179
40026180
40026183
40026189
40026191
40026192
40026197
40026198
40026203
40026210
40026211
40026213
40026220
40026221
40026227
40026230
40026232
40026238
40026242
40026243
40026249
40026251
40026253
40026255
40026258
40026262
40026266
40026267
40026268
40026279
40026280
40026281
40026289
40026291
40026300
40026301
40026302
40026306
40026309
40026312
40026316
40026318
40026321
40026325
40026331
40026332
40026333
40026345
40026353
40026355
40026356
40026357
40026358
40026361
40026368
40026370
40026373
40026374
40026377
40026380
40026385
40026393
40026395
40026399
40026400
40026402
40026404
40026410
40026411
40026412
40026415
40026420
40026425
40026430
40026436
40026437
40026447
40026450
40026451
40026452
40026454
40026460
40026461
40026462
40026463
40026470
40026473
40026479
40026481
40026484
40026486
40026487
40026488
40026495
40026499
40026503
40026506
40026508
40026509
40026511
40026512
40026520
40026524
40026525
40026526
40026530
40026534
40026535
40026537
40026539
40026541
40026542
40026544
40026552
40026567
40026568
40026573
40026575
40026576
40026577
40026578
40026580
40026581
40026582
40026593
40026594
40026599
40026600
40026604
40026608
40026612
40026615
40026616
40026617
40026630
40026632
40026633
40026643
40026650
40026651
40026653
40026654
40026662
40026666
40026681
40026683
40026688
40026690
40026692
40026693
40026697
40026698
40026699
40026700
40026703
40026706
40026707
40026708
40026713
40026714
40026719
40026720
40026722
40026724
40026726
40026727
40026729
40026730
40026732
40026734
40026736
40026739
40026740
40026749
40026752
40026754
40026757
40026758
40026760
40026839
40026843
40026847
40026856
40026864
40026869
40026874
40026875
40026879
40026882
40026883
40026886
40026898
40026907
40026909
40026917
40026921
40026923
40026926
40026935
40026964
40026981
40027034
40027159
40027257
40027356
40027434
40027475
40027477
40027478
40027482
40027501
40027514
40027517
40027552
40027566
40027603
40027616
40027619
40027656
40027668
40027686
40027700
40027843
40027852
40027932
40027942
40027951
40027964
40027970
40027975
40027999
40028033
40028050
40028091
40028095
40028121
40028132
40028145
40028151
40028153
40028154
40028156
40028159
40028167
40028168
40028172
40028180
40028183
40028186
40028192
40028202
40028203
40028219
40028232
40028236
40028238
40028239
40028243
40028246
40028249
40028257
40028263
40028270
40028287
40028288
40028289
40028293
40028296
40028305
40028309
40028332
40028335
40028337
40028345
40028350
40028352
40028354
40028360
40028363
40028367
40028369
40028371
40028382
40028388
40028395
40028396
40028397
40028402
40028405
40028407
40028421
40028422
40028430
40028433
40028434
40028439
40028440
40028441
40028443
40028451
40028454
40028455
40028459
40028460
40028463
40028464
40028465
40028468
40028471
40028473
40028475
40028476
40028477
40028486
40028490
40028492
40028497
40028499
40028501
40028502
40028508
40028510
40028526
40028528
40028542
40028544
40028547
40028551
40028554
40028555
40028556
40028559
40028560
40028562
40028571
40028573
40028574
40028586
40028592
40028593
40028597
40028601
40028605
40028607
40028616
40028619
40028620
40028623
40028624
40028625
40028630
40028639
40028640
40028651
40028654
40028656
40028661
40028663
40028664
40028670
40028680
40028687
40028688
40028693
40028705
40028708
40028714
40028719
40028722
40028726
40028732
40028733
40028735
40028737
40028739
40028740
40028745
40028762
40028763
40028767
40028773
40028775
40028776
40028780
40028781
40028788
40028789
40028792
40028799
40028811
40028813
40028817
40028819
40028821
40028823
40028825
40028829
40028831
40028835
40028843
40028850
40028856
40028858
40028859
40028860
40028863
40028868
40028869
40028870
40028873
40028877
40028878
40028880
40028882
40028890
40028893
40028894
40028895
40028896
40028900
40028902
40028903
40028905
40028907
40028909
40028911
40028915
40028920
40028929
40028937
40028940
40028943
40028945
40028949
40028950
40028951
40028955
40028959
40028961
40028963
40028964
40028965
40028967
40028969
40028974
40028976
40028977
40028980
40028984
40028987
40028996
40028997
40029003
40029005
40029007
40029020
40029021
40029026
40029031
40029032
40029037
40029039
40029041
40029042
40029043
40029044
40029051
40029052
40029053
40029058
40029065
40029067
40029069
40029070
40029071
40029072
40029073
40029074
40029077
40029081
40029082
40029083
40029084
40029086
40029087
40029094
40029095
40029096
40029103
40029104
40029106
40029109
40029110
40029113
40029115
40029116
40029118
40029121
40029124
40029127
40029131
40029135
40029138
40029140
40029141
40029142
40029143
40029145
40029153
40029156
40029157
40029158
40029159
40029162
40029168
40029171
40029176
40029178
40029182
40029183
40029194
40029196
40029198
40029203
40029206
40029210
40029216
40029218
40029220
40029222
40029230
40029239
40029240
40029243
40029244
40029245
40029247
40029249
40029250
40029251
40029263
40029265
40029266
40029272
40029273
40029275
40029282
40029283
40029285
40029291
40029295
40029297
40029300
40029301
40029302
40029307
40029310
40029311
40029312
40029314
40029317
40029321
40029322
40029324
40029328
40029330
40029332
40029335
40029338
40029341
40029342
40029344
40029349
40029355
40029360
40029362
40029370
40029371
40029372
40029373
40029378
40029380
40029389
40029390
40029393
40029394
40029395
40029397
40029398
40029400
40029402
40029403
40029404
40029405
40029407
40029410
40029411
40029417
40029418
40029419
40029423
40029432
40029439
40029443
40029444
40029446
40029448
40029454
40029457
40029461
40029462
40029467
40029485
40029487
40029488
40029489
40029491
40029493
40029495
40029508
40029511
40029512
40029514
40029516
40029517
40029519
40029526
40029527
40029533
40029535
40029538
40029542
40029544
40029550
40029551
40029552
40029555
40029556
40029567
40029570
40029573
40029574
40029575
40029577
40029578
40029579
40029581
40029585
40029591
40029595
40029596
40029597
40029598
40029599
40029601
40029602
40029617
40029623
40029627
40029628
40029629
40029634
40029639
40029640
40029647
40029656
40029658
40029659
40029660
40029661
40029666
40029667
40029675
40029676
40029677
40029684
40029690
40029695
40029697
40029699
40029701
40029703
40029706
40029708
40029715
40029719
40029720
40029724
40029725
40029728
40029729
40029730
40035801
40035807
40035817
40035837
40035839
40035870
40035878
40035881
40035888
40035899
40035902
40035908
40035910
40035937
40035945
40035946
40035951
40035952
40035957
40035958
40035962
40035969
40035978
40035994
40036003
40036004
40036011
40036012
40036014
40036017
40036021
40036023
40036033
40036039
40036042
40036045
40036046
40036048
40036050
40036055
40036061
40036062
40036066
40036067
40036073
40036076
40036080
40036083
40036086
40036092
40036094
40036096
40036099
40036100
40036104
40036106
40036108
40036112
40036117
40036119
40036126
40036132
40036133
40036138
40036141
40036152
40036154
40036159
40036164
40036167
40036173
40036175
40036179
40036185
40036189
40036190
40036195
40036197
40036201
40036202
40036204
40036206
40036209
40036210
40036214
40036215
40036219
40036223
40036225
40036226
40036227
40036230
40036231
40036234
40036235
40036236
40036238
40036243
40036244
40036256
40036261
40036262
40036272
40036274
40036277
40036279
40036280
40036288
40036290
40036296
40036302
40036306
40036307
40036314
40036316
40036318
40036328
40036332
40036336
40036340
40036346
40036351
40036355
40036356
40036359
40036365
40036376
40036390
40036392
40036397
40036400
40036474
40036477
40036479
40036480
40036481
40036482
40036483
40036486
40036487
40036488
40036489
40036495
40036500
40036502
40036516
40036517
40036519
40036521
40036524
40036527
40036532
40036535
40036537
40036540
40036548
40036554
40036558
40036561
40036565
40036571
40036572
40036573
40036574
40036577
40036578
40036581
40036598
40036601
40036602
40036605
40036606
40036607
40036615
40036618
40036634
40036643
40036646
40036655
40036660
40036665
40036671
40036676
40036687
40036689
40036697
40036699
40036700
40036702
40036706
40036711
40036712
40036714
40036715
40036716
40036731
40036736
40036743
40036750
40036752
40036753
40036759
40036763
40036769
40036771
40036777
40036781
40036785
40036786
40036793
40036794
40036800
40036806
40036808
40037094
40037114
40037200
40037229
40037230
40037239
40037243
40037245
40037269
40037275
40037281
40037283
40037285
40037309
40037316
40037318
40037319
40037323
40037333
40037335
40037347
40037355
40037356
40037370
40042799
40042811
40042819
40042822
40042823
40042836
40042848
40042851
40042854
40042857
40042864
40042869
40042870
40042882
40042885
40042886
40042887
40042890
40042891
40042896
40042900
40042905
40042907
40042909
40042914
40042918
40042919
40042938
40042952
40042955
40042957
40042961
40042971
40042974
40042978
40042981
40042982
40042987
40042990
40042994
40043000
40043003
40043004
40043007
40043008
40043010
40043014
40043015
40043025
40043031
40043032
40043036
40043040
40043054
40043060
40043061
40043070
40043072
40043074
40043077
40043081
40043084
40043089
40043095
40043110
40043114
40043116
40043117
40043118
40043119
40043129
40043150
40043154
40043158
40043162
40043164
40043165
40043174
40043176
40043183
40043194
40043196
40043204
40043205
40043211
40043212
40043223
40043228
40043230
40043234
40043235
40043249
40043260
40043262
40043264
40043265
40043268
40043272
40043273
40043274
40043282
40043283
40043284
40043286
40043295
40043300
40043303
40043304
40043306
40043311
40043312
40043319
40043320
40043321
40043326
40043328
40043334
40043340
40043424
40043583
40043606
40043609
40043610
40043624
40043625
40043673
40043676
40043684
40043699
40043709
40043711
40043720
40043723
40043728
40043732
40043738
40043743
40043757
40043761
40043770
40043778
40043779
40043784
40043795
40043799
40043803
40043805
40043811
40043812
40043817
40043832
40043833
40043839
40043844
40043859
40043864
40043865
40043871
40043879
40043883
40043884
40043887
40043889
40043907
40043909
40043910
40043918
40043921
40043928
40043932
40043936
40043941
40043944
40043946
40043948
40043949
40043958
40043959
40043966
40043989
40044006
40044049
40072668
40072671
40072673
40072699
40072718
40072721
40072779
40072780
40072783
40072817
40072849
40072857
40072862
40072868
40072869
40072882
40072896
40072901
40072906
40072908
40072909
40072921
40072929
40072931
40072938
40072950
40072995
40073005
40073017
40073022
40073031
40073032
40073044
40073047
40073050
40073053
40073058
40073084
40073085
40073098
40073107
40073119
40073120
40073141
40073142
40073147
40073151
40073154
40073155
40073164
40073166
40073170
40073172
40073174
40073175
40073180
40073181
40073184
40073201
40073215
40073234
40073237
40073244
40073253
40073266
40073273
40073281
40073288
40073290
40073296
40073303
40073322
40073331
40073333
40073335
40073336
40073347
40073348
40073366
40073367
40073371
40073386
40073387
40073394
40073402
40073407
40073409
40073416
40073418
40073419
40073435
40073436
40073437
40073439
40073442
40073443
40073445
40073452
40073456
40073461
40073468
40073472
40073473
40073476
40073477
40073482
40073488
40073499
40073500
40073502
40073503
40073504
40073511
40073512
40073530
40073531
40073534
40073537
40073542
40073543
40073551
40073556
40073561
40073562
40073567
40073571
40073573
40073575
40073586
40073588
40073596
40073600
40073603
40073606
40073614
40073624
40073625
40073633
40073635
40073636
40073637
40073643
40073648
40073649
40073655
40073659
40073664
40073667
40073671
40073674
40073675
40073680
40073682
40073683
40073685
40073688
40073698
40073699
40073700
40073701
40073704
40073706
40073708
40073710
40073711
40073712
40073720
40073729
40073731
40073734
40073736
40073737
40073738
40073740
40073742
40073749
40073756
40073760
40073763
40073764
40073768
40073779
40073785
40073790
40073791
40073795
40073796
40073808
40073811
40073812
40073813
40073814
40073821
40073824
40073833
40073840
40073841
40073851
40073854
40073858
40073863
40073866
40073867
40073868
40073869
40073871
40073874
40073875
40073876
40073877
40073878
40073885
40073891
40073897
40073899
40073906
40073912
40073916
40073917
40073919
40073921
40073922
40073929
40073939
40073940
40073945
40073949
40073960
40073961
40073965
40073969
40073970
40073974
40073977
40073978
40073980
40073981
40073983
40073986
40073990
40073991
40073996
40074001
40074003
40074009
40074013
40074024
40074038
40074039
40074043
40074048
40074055
40074063
40074065
40074068
40074083
40074088
40074089
40074092
40074094
40074095
40074096
40074107
40074113
40074117
40074119
40074133
40074135
40074139
40074145
40074148
40074149
40074171
40074175
40074177
40074186
40074191
40074196
40074199
40074201
40074202
40074204
40074209
40074210
40074212
40074220
40074222
40074225
40074228
40074229
40074230
40074233
40074244
40074245
40074250
40074251
40074255
40074257
40074268
40074275
40074281
40074286
40074288
40074293
40074294
40074297
40074298
40074300
40074306
40074307
40074313
40074314
40074320
40074325
40074326
40074328
40074329
40074331
40074332
40074333
40074354
40074364
40074367
40074376
40074379
40074388
40074389
40074392
40074395
40074399
40074401
40074409
40074410
40074411
40074412
40074423
40074426
40074431
40074433
40074436
40074442
40074443
40074445
40074459
40074465
40074468
40074472
40074480
40074486
40074491
40074493
40074501
40074504
40074505
40074506
40074513
40074517
40074526
40074528
40074531
40074537
40074540
40074541
40074542
40074549
40074558
40074559
40074564
40074572
40074583
40074586
40074588
40074589
40074594
40074609
40074612
40074618
40074620
40074622
40074626
40074633
40074634
40074649
40074654
40074659
40074660
40074679
40074685
40074686
40074690
40074700
40074701
40074706
40074712
40074713
40074718
40074723
40074724
40074732
40074737
40074744
40074755
40074757
40074761
40074763
40074764
40074769
40074770
40074771
40074777
40074778
40074779
40074781
40074783
40074788
40074798
40074799
40074801
40074802
40074812
40074818
40074824
40074829
40074835
40074837
40074857
40074858
40074870
40074873
40074876
40074882
40074892
40074894
40074895
40074896
40074903
40074909
40074910
40074914
40074915
40074935
40074939
40074940
40074945
40074956
40074957
40074958
40074960
40074964
40074969
40074971
40074980
40074986
40074987
40074995
40074997
40074999
40075001
40075005
40075006
40075010
40075014
40075018
40075020
40075021
40075023
40075024
40075029
40075035
40075037
40075041
40075046
40075050
40075052
40075053
40075055
40075069
40075071
40075079
40075084
40075085
40075086
40075091
40075094
40075095
40075113
40075115
40075116
40075118
40075126
40075130
40075139
40075147
40075150
40075151
40075157
40075159
40075164
40075165
40075168
40075175
40075182
40075194
40075199
40075203
40075205
40075208
40075209
40075213
40075218
40075219
40075220
40075242
40075246
40075249
40075252
40075253
40075261
40075262
40075263
40075266
40075273
40075287
40075294
40075302
40075315
40075316
40075320
40075331
40075336
40075343
40075349
40075358
40075367
40075374
40075376
40075377
40075378
40075383
40075384
40075389
40075393
40075394
40075396
40075397
40075401
40075403
40075407
40075411
40075414
40075419
40075420
40075421
40075428
40075432
40075442
40075445
40075447
40075451
40075453
40075454
40075456
40075463
40075465
40075472
40075473
40075475
40075476
40075478
40075480
40075481
40075485
40075486
40075487
40075491
40075502
40075503
40075504
40075510
40075517
40075520
40075522
40075524
40075529
40075531
40075539
40075543
40075552
40075559
40075566
40075567
40075568
40075569
40075570
40075571
40075574
40075582
40075583
40075595
40075597
40075605
40075608
40075616
40075618
40075630
40075637
40075638
40075646
40075649
40075650
40075653
40075658
40075659
40075670
40075672
40075674
40075679
40075681
40075682
40075684
40075693
40075696
40075699
40075704
40075706
40075712
40075713
40075715
40075716
40075719
40075721
40075730
40075731
40075736
40075737
40075751
40075754
40075755
40075764
40075765
40075772
40075773
40075780
40075782
40075791
40075795
40075796
40075803
40075804
40075806
40075811
40075812
40075819
40075821
40075830
40075831
40075833
40075836
40075839
40075849
40075857
40075863
40075866
40075872
40075873
40075877
40075880
40075881
40075883
40075884
40075903
40075907
40075908
40075913
40075917
40075918
40075921
40075927
40075936
40075938
40075945
40075946
40075950
40075954
40075957
40075959
40075970
40075973
40075984
40075985
40075986
40075987
40075988
40075990
40075991
40075995
40076002
40076005
40076017
40076018
40076019
40076020
40076030
40076032
40076033
40076037
40076038
40076043
40076044
40076049
40076058
40076060
40076068
40076069
40076071
40076082
40076083
40076086
40076087
40076100
40076106
40076113
40076114
40076127
40076134
40076135
40076138
40076148
40076160
40076165
40076167
40076174
40076175
40076181
40076184
40076189
40076205
40076225
40076229
40076231
40076233
40076239
40076240
40076242
40076247
40076248
40076251
40076263
40076264
40076266
40076268
40076269
40076277
40076279
40076281
40076284
40076287
40076290
40076292
40076308
40076313
40076314
40076318
40076325
40076329
40076336
40076342
40076344
40076350
40076351
40076359
40076360
40076366
40076367
40076370
40076372
40076376
40076379
40076380
40076383
40076394
40076396
40076410
40076412
40076413
40076414
40076418
40076422
40076441
40076453
40076458
40076461
40076470
40076471
40076475
40076476
40076484
40076487
40076496
40076499
40076507
40076510
40076513
40076517
40076519
40076520
40076530
40076535
40076541
40076542
40076543
40076559
40076562
40076569
40076574
40076587
40076588
40076593
40076594
40076599
40076606
40076613
40076615
40076627
40076628
40076633
40076634
40076637
40076638
40076641
40076643
40076645
40076656
40076660
40076662
40076665
40076668
40076670
40076671
40076675
40076678
40076679
40076682
40076688
40076702
40076705
40076713
40076714
40076716
40076721
40076722
40076736
40076739
40076748
40076749
40076754
40076763
40076767
40076772
40076774
40076778
40076780
40076781
40076786
40076791
40076793
40076794
40076806
40076810
40076814
40076824
40076826
40076827
40076840
40076850
40076851
40076852
40076853
40076854
40076858
40076862
40076863
40076876
40076881
40076883
40076886
40076892
40076894
40076896
40076906
40076908
40076909
40076916
40076935
40076944
40076961
40076962
40076970
40076972
40076977
40076980
40076981
40076987
40076999
40077002
40077003
40077005
40077021
40077024
40077030
40077040
40077048
40077052
40077053
40077062
40077063
40077064
40077065
40077067
40077069
40077083
40077097
40077098
40077100
40077115
40077126
40077146
40077147
40077161
40077162
40077165
40077173
40077177
40077179
40077192
40077213
40077215
40077216
40077221
40077232
40077234
40077238
40077239
40077240
40077249
40077254
40077261
40077267
40077269
40077272
40077277
40077284
40077286
40077294
40077304
40077309
40077315
40077325
40077334
40077336
40077337
40077343
40077344
40077348
40077351
40077357
40077362
40077371
40077382
40077391
40077393
40077410
40077413
40077416
40077420
40077423
40077424
40077430
40077431
40077436
40077437
40077441
40077443
40077449
40077464
40077472
40077473
40077476
40077478
40077483
40077499
40077577
40077774
40077782
40077903
40077951
40078008
40078029
40078119
40078165
40078166
40078171
40078223
40078236
40078289
40078310
40078326
40078328
40078357
40078372
40078378
40078398
40078403
40078413
40078415
40078417
40078421
40078464
40078486
40078490
40078497
40078508
40078514
40078548
40078550
40078577
40078587
40078593
40078609
40078618
40078619
40078625
40078634
40078636
40078670
40078671
40078682
40078713
40078761
40078788
40078791
40078802
40078835
40078853
40078919
40078953
40086931
40086980
40086983
40086984
40086985
40087003
40087006
40087018
40087029
40087043
40087046
40087050
40087074
40087084
40087086
40087099
40087108
40087110
40087114
40087115
40087122
40087125
40087143
40087151
40087154
40087160
40087161
40087164
40087184
40087185
40087189
40087190
40087196
40087198
40087222
40087225
40087232
40087236
40087239
40087246
40087253
40087254
40087255
40087256
40087274
40087284
40087286
40087319
40087325
40087352
40087358
40087360
40087368
40087371
40087374
40087377
40087382
40087398
40087409
40087428
40087434
40087437
40087442
40087448
40087451
40087453
40087468
40087476
40087488
40087490
40087494
40087500
40087501
40087503
40087510
40087528
40087533
40087551
40087555
40087556
40087560
40087570
40087590
40087605
40087615
40087616
40087640
40087644
40087646
40087662
40087669
40087687
40087688
40087693
40087703
40087736
40087742
40087752
40087775
40087780
40087790
40087802
40087810
40087816
40087817
40087825
40087844
40087848
40087863
40087873
40087884
40087886
40087900
40087902
40087910
40087923
40087926
40087941
40087942
40087955
40087957
40087962
40087968
40087992
40087994
40088032
40088047
40088052
40088191
40088239
40088265
40088286
40088293
40088345
40088369
40088374
40088414
40088427
40088431
40088432
40088454
40088463
40088466
40088476
40088518
40088554
40088559
40088571
40093437
40093484
40093497
40093503
40093504
40093508
40093509
40093513
40093517
40093522
40093528
40093531
40093541
40093542
40093560
40093568
40093582
40093586
40093587
40093588
40093591
40093594
40093615
40093618
40093619
40093623
40093626
40093630
40093636
40093644
40093660
40093661
40093667
40093670
40093673
40093679
40093680
40093682
40093684
40093688
40093692
40093693
40093694
40093696
40093702
40093704
40093713
40093723
40093725
40093735
40093738
40093754
40093770
40093775
40093787
40093788
40093803
40093806
40093810
40093820
40093829
40093837
40093851
40093863
40093865
40093867
40093879
40093880
40093889
40093891
40093905
40093910
40093918
40093930
40093934
40093937
40093938
40093940
40093945
40093948
40093949
40093950
40093954
40093959
40093964
40093968
40093969
40093970
40093974
40093982
40093985
40093988
40093997
40093999
40094004
40094007
40094008
40094015
40094020
40094022
40094024
40094027
40094146
40094163
40094247
40094257
40094277
40094305
40094313
40094314
40094348
40094370
40094380
40094381
40094397
40094402
40094405
40094413
40094418
40094430
40094431
40094438
40094452
40094460
40094463
40094465
40094466
40094482
40094488
40094489
40094495
40094498
40094502
40094512
40094514
40094515
40094520
40094528
40094529
40094542
40094548
40094553
40094563
40094585
40094599
40094709
40099362
40099388
40099395
40099417
40099429
40099444
40099453
40099483
40099487
40099493
40099509
40099510
40099513
40099516
40099549
40099553
40099556
40099557
40099568
40099598
40099601
40099607
40099611
40099612
40099622
40099637
40099639
40099640
40099641
40099643
40099645
40099646
40099657
40099662
40099680
40099682
40099686
40099691
40099692
40099694
40099698
40099723
40099731
40099732
40099733
40099738
40099745
40099764
40099768
40099773
40099779
40099781
40099787
40099792
40099793
40099803
40099812
40099817
40099830
40099841
40099854
40099857
40099858
40099870
40099883
40099896
40099918
40099921
40099922
40099923
40099926
40099928
40099930
40099940
40099946
40099947
40099949
40099953
40099963
40099971
40099974
40099978
40099983
40099986
40099992
40099994
40100000
40100004
40100013
40100016
40100024
40100028
40100077
40100100
40100107
40100109
40100115
40100116
40100163
40100174
40100175
40100188
40100191
40100195
40100196
40100199
40100212
40100216
40100231
40100234
40100259
40100266
40100313
40100470
40100583
40100650
40103566
40103597
40103606
40103615
40103641
40103655
40103682
40103688
40103690
40103696
40103723
40103726
40103788
40103801
40103809
40103849
40103853
40103854
40103911
40103917
40103933
40103936
40103957
40103971
40103976
40103985
40103992
40104009
40104012
40104013
40104014
40104022
40104024
40104032
40104053
40104416
40104428
40104439
40107527
40107529
40107557
40107559
40107560
40107577
40107580
40107642
40107643
40107650
40107651
40107699
40107731
40107735
40107742
40107749
40107756
40107764
40107797
40107806
40107812
40107820
40107821
40107822
40107826
40107827
40107829
40107830
40107834
40107899
40108433
40108441
40108470
40108472
40108476
40108478
40108508
40108539
40108549
40108565
40108571
40110961
40111004
40111005
40111015
40111023
40111029
40111042
40111050
40111064
40111067
40111069
40111075
40111081
40111086
40111089
40111093
40111106
40111126
40111138
40111143
40111145
40111154
40111157
40111164
40111175
40111178
40111186
40111187
40111188
40111245
40111566
40111567
40111592
40111597
40111598
40111611
40111628
40111632
40111634
40111640
40111645
40111656
40111661
40114103
40114115
40114124
40114130
40114135
40114137
40114159
40114160
40114181
40114184
40114185
40114222
40114244
40114245
40114295
40114406
40114407
40114417
40114434
40114448
40114472
40114479
40114484
40114499
40114504
40114726
40119360
40119430
40119438
40119442
40119467
40119492
40119502
40119543
40119815
40119921
40119970
40119973
40119984
40120064
40120070
40120121
40122891
40122893
40122905
40122984
40122996
40123003
40123056
40123059
40123062
40123081
40123094
40123105
40123530
40123541
40123544
40125912
40126012
40126056
40126500
40126534
40126546
40126560
40126570
40126573
40126576
40126597
40126601
40126602
40126621
40126631
40129231
40129259
40129325
40129456
40129957
40129960
40129981
40129982
40129987
40130007
40132295
40132306
40132602
40132622
40132660
40132666
40132694
40132700
40132706
40132734
40132771
40135116
40135170
40135172
40135275
40135281
40135304
40135342
40135395
40137742
40137747
40137775
40137815
40137849
40137904
40137915
40138270
40138284
40138301
40138328
40140057
40140058
40140063
40140127
40140246
40140283
40140295
40140298
40140304
40140338
40140354
40140373
40142664
40143068
40143097
40143099
40143145
40143150
40145275
40145656
40145679
40145685
40147922
40147961
40147969
40148007
40148051
40148054
40148062
40148468
40148483
40148499
40148511
40150239
40150668
40150684
40150697
40150715
40150737
40152975
40152980
40152981
40152988
40153331
40156087
40156279
40158640
40160798
40160878
40165744
40165764
40165783
40165811
40165819
40165855
40165858
40165859
40165976
40165983
40166036
40166063
40166083
40166102
40166104
40166112
40166120
40166140
40166142
40166145
40166192
40166199
40166204
40166213
40166215
40166216
40166245
40166275
40166296
40166338
40166351
40166366
40166385
40166394
40166404
40166414
40166429
40166436
40166449
40166454
40166479
40166481
40166485
40166502
40166503
40166531
40166560
40167600
40171028
40171029
40171043
40171053
40171062
40171076
40171122
40171158
40171172
40171267
40171279
40171315
40171327
40171412
40171437
40171439
40171455
40171477
40171484
40171508
40171544
40171546
40171547
40171558
40171560
40171572
40171581
40171590
40172061
40172079
40175492
40175500
40175521
40175576
40175665
40175688
40175696
40175699
40175757
40175778
40175810
40175819
40175830
40175864
40175889
40175905
40175978
40178955
40179004
40179012
40179088
40179128
40179145
40179155
40179211
40179242
40179269
40179281
40179306
40179343
40179353
40179471
40179682
40179759
40182190
40182282
40182370
40182437
40182445
40182446
40182494
40182615
40185355
40185370
40185383
40185451
40185575
40185582
40185590
40185615
40185645
40185652
40185653
40185680
40185693
40185696
40185732
40185769
40185771
40186244
40188514
40188666
40188681
40188688
40188734
40188748
40188776
40188793
40188873
40189211
40191552
40191557
40191697
40191749
40191751
40191793
40191803
40191811
40191817
40191840
40191848
40194580
40194588
40194680
40194709
40194717
40194721
40194768
40194803
40194894
40194912
40195453
40197809
40197823
40197841
40198032
40198037
40198100
40198120
40198149
40198171
40200519
40200538
40200715
40200722
40200725
40200774
40200815
40200938
40201120
40203139
40203197
40203290
40203307
40203317
40203389
40203728
40203797
40203822
40206366
40206380
40206426
40206521
40206569
40206574
40206606
40206706
40206715
40206727
40206754
40206755
40206818
40209505
40209517
40209549
40209554
40209658
40209699
40210066
40212032
40212046
40212052
40212174
40212219
40212229
40212232
40212381
40212611
40214562
40214674
40214699
40214700
40214703
40214799
40217017
40217056
40217199
40217235
40217466
40217494
40219169
40219263
40219289
40219324
40219363
40222814
40222839
40222846
40222882
40222899
40222946
40222979
40223041
40223081
40223101
40223138
40223159
40223167
40223223
40223252
40223315
40226219
40226284
40226328
40226379
40226690
40228906
40228946
40228973
40229008
40229010
40231950
40232088
40232116
40232168
40232257
40234851
40234878
40234896
40234970
40234996
40235013
40235022
40235040
40235119
40235156
40237997
40238004
40238109
40238110
40238163
40238264
40240772
40240929
40243170
40243222
40243228
40243339
40243343
40243398
40243400
40245197
40245255
40245373
40245663
40247399
40247513
40247547
40250009
40250378
40250400
40252268
40252344
40252459
40252466
40252476
40252538
40252766
40254564
40254570
40254741
40255028
40257074
40257164
40257217
40257318
40257321
40257405
40259143
40259225
40259368
40263814
40263987
40264434
40266180
40266223
40266270
40266462
40268198
40268295
40268307
40268342
40268453
40271026
40271205
40271206
40271242
40271458
40273699
40273849
40273859
40273887
40273947
40276490
40276527
40276578
40276608
40279496
40282529
40284764
40284844
40284904
40285108
40293444
40293953
40294058
40294103
40294149
40294177
40307366
40311768
40316779
40316783
40321144
40325206
40325262
40332653
40332718
40333023
40337285
40337302
40337493
40341738
40341832
40345500
40345650
40345714
40350064
40350259
40354246
40354360
40356674
40356678
40356681
40356901
40356907
40359032
40359070
40361663
40361740
40361966
40363907
40363931
40363955
40364068
40365809
40365834
40365955
40365997
40367941
40367965
40367983
40368033
40368090
40368152
40369853
40369947
40369982
40370066
40371666
40371759
40371818
40373716
40373730
40373799
40375776
40375783
40377363
40377480
40377494
40377564
40377565
40379239
40379321
40379626
40381168
40381257
40392921
40392923
40397272
40397450
40405143
40405438
40412307
40412648
40416003
40420879
40421021
40431810
40431939
40432227
40435783
40440493
40442547
40451177
40458682
40463052
40464982
40465270
40466985
40466986
40470164
40477865
40480563
40484085
40484126
40492286
40492320
40531646
40540956
40548328
40552899
40631357
40635542
40635568
40635575
40635603
42751205
42752481
42753715
42753758
42755869
42757382
42759014
42759121
42759186
42763447
42764332
42764364
42766239
42766265
42767859
42776240
42779858
42780913
42782203
42784514
42785816
42786812
42790728
42791670
42794676
42799177
42799194
42799991
42800920
42804737
42804852
42804853
42806190
42806741
42807340
42810316
42810891
42811548
42812807
42812827
42812896
42818016
42821984
42827771
42828856
42828931
42828988
42829951
42830052
42830078
42831385
42833102
42833133
42833253
42834456
42835686
43290041
43290101
43292535
43293817
43295312
43295313
43295316
43295446
43296040
43296777
43296814
43297729
43298448
43298620
43299099
43299260
43301019
43301032
43301695
43301729
43301810
43307141
43307734
43310176
43313695
43314757
43315807
43315829
43315861
43315869
43315898
43318650
43324829
43324919
43334900
43339318
43340894
43343748
43345580
43346237
43347690
43371199
43377015
43379616
43381790
43383966
43384574
43406909
43423762
43423854
43425482
43425516
43429876
43439070
43439978
43440193
50000040
50000077
50000212
50000213
50000218
50000220
50000221
50000225
50000227
50000228
50000229
50000706
50005986
50012405
50012413
50012420
50012421
50012425
50012429
50012435
50012439
50012441
50012442
50012446
50012447
50012448
50012453
50012456
50012457
50012477
50013089
50013090
50013093
50013340
50013348
50013455
50013508
50013512
50014000
50014010
50014016
50014025
50014032
50014036
50014178
50033816
50033850
50034034
50034049
50034568
50034634
50034700
50034977
50035024
50035132
50035137
50035153
50037496
50037509
50037523
50037532
50037534
50037539
50037551
50037555
50037556
50044094
50044103
50044108
50044112
50044133
50044134
50044135
50044136
50044137
50044142
50044148
50044149
50044160
50044171
50044177
50044187
50044188
50044207
50044216
50044220
50044225
50044241
50044242
50044246
50044248
50044291
50044292
50044299
50044304
50044306
50044309
50044317
50044327
50044361
50044364
50044384
50044396
50044400
50044406
50044421
50044432
50044443
50044445
50044458
50044470
50044474
50044475
50044485
50044493
50044510
50044512
50044516
50044519
50044545
50044547
50044560
50044561
50044573
50044582
50044592
50044596
50044608
50044609
50044611
50044613
50054181
50054187
50054196
50054256
50054313
50054318
50054323
50054324
50054327
50054330
50054335
50054391
50054934
50054935
50054951
50054963
50054974
50054977
50054978
50054994
50054996
50055012
50055013
50055015
50055016
50055019
50055021
50056051
50056058
50056084
50056920
50056921
50057544
50057545
50057550
50057551
50057578
50057601
50065522
50065523
50065526
50065529
50065533
50065534
50065540
50065541
50065542
50065547
50065552
50065553
50065554
50065568
50065571
50065575
50065576
50065578
50065582
50065588
50065594
50065599
50065601
50065609
50065612
50065619
50065625
50065631
50065636
50065639
50065641
50065645
50065647
50065651
50065652
50065659
50065663
50065664
50065667
50065668
50065670
50065672
50065673
50065676
50065680
50065682
50065685
50065687
50065692
50065698
50065699
50065710
50065713
50065715
50065719
50065726
50065727
50065728
50065730
50065738
50065742
50065745
50065750
50065756
50065759
50065760
50065762
50065766
50065769
50065800
50065801
50065802
50065805
50065807
50065810
50065823
50065831
50065833
50065837
50065838
50065844
50065846
50065849
50065851
50065852
50065855
50065861
50065872
50065876
50065887
50065889
50065900
50065917
50065923
50065930
50065933
50065936
50065940
50065942
50065953
50065955
50065963
50065965
50065984
50065985
50065986
50065988
50065993
50066001
50066002
50066003
50066008
50066009
50066016
50066019
50066021
50066026
50066029
50066039
50066043
50066047
50066048
50066050
50066054
50066061
50066069
50066071
50066076
50066077
50066078
50066085
50066087
50066091
50066098
50066099
50066111
50066112
50066117
50066119
50066122
50066124
50066130
50066135
50066136
50066142
50066148
50066151
50066156
50066159
50066162
50066166
50066174
50066183
50066191
50066194
50066198
50066199
50066216
50066217
50066225
50066226
50066227
50066233
50066234
50066241
50066244
50066246
50066254
50066256
50066259
50066260
50066263
50066265
50066267
50066278
50066281
50066282
50066284
50066293
50066296
50066308
50066310
50066324
50066325
50066327
50066329
50066332
50066336
50066342
50066355
50066356
50066357
50066363
50066369
50066372
50066377
50066380
50066381
50066385
50066386
50066387
50066394
50066396
50066402
50066404
50066405
50066410
50066419
50066420
50066423
50066424
50066425
50066426
50066430
50066434
50066437
50066440
50066443
60010348
60010361
60010390
60010391
60010392
60010397
60010398
60010400
60010402
60010403
60010404
60010407
60010410
60010413
60010414
60010421
60010771
60010773
60010774
60010776
60010777
60010778
60010779
60010782
60010783
60010784
60010785
60010788
60010790
60010791
60010793
60010796
60010799
60010801
60010804
60010808
60010815
60010817
60010823
60010826
60010830
60010833
60010837
60010843
60010845
60010847
60010849
60010851
60010855
60010856
60010858
60010859
60010860
60010861
60010862
60010863
60010866
60010869
60010873
60010874
60010875
60010879
60010884
60010885
60010890
60010892
60010893
60010895
60010896
60010897
60010899
60010900
60010901
60010904
60010946
60010947
60010949
60010951
60010953
60010956
60010958
60010959
60010960
60010961
60010965
60010966
60010967
60010968
60011026
60011027
60011031
60011036
60011308
60011319
60011320
60011323
60011324
60011328
60011336
60011339
60011346
60011419
60011421
60011424
60011425
60011429
60011437
60011445
60011446
60011452
60011453
60011458
60011462
60011463
60011465
60011467
60011468
60011470
60011472
60011473
60011474
60011476
