40018159
40018256
40018262
40018280
40018296
40018316
40018329
40018365
40018383
40018426
40018437
40018445
40018454
40018461
40018469
40018472
40018491
40018501
40018503
40018533
40018534
40018536
40018538
40018545
40018549
40018569
40018575
40018599
40018608
40018618
40018633
40018635
40018640
40018656
40018662
40018665
40018700
40018701
40018702
40018721
40018737
40018738
40018741
40018750
40018752
40018756
40018763
40018769
40018772
40018773
40018775
40018777
40018781
40018783
40018788
40018794
40018796
40018800
40018801
40018803
40018810
40018811
40018819
40018829
40018831
40018833
40018834
40018837
40018842
40018845
40018849
40018861
40018862
40018863
40018869
40018872
40018878
40018880
40018882
40018889
40018890
40018904
40018913
40018915
40018923
40018924
40018933
40018937
40018939
40018945
40018946
40018948
40018949
40018958
40018959
40018969
40018971
40018972
40018973
40018974
40018979
40018980
40018981
40018984
40018990
40018991
40018994
40018996
40018999
40019000
40019003
40019012
40019019
40019020
40019023
40019031
40019038
40019040
40019055
40019059
40019060
40019061
40019062
40019063
40019075
40019084
40019088
40019089
40019090
40019092
40019099
40019100
40019108
40019111
40019118
40019119
40019129
40019132
40019139
40019141
40019148
40019154
40019156
40019157
40019162
40019166
40019167
40019171
40019183
40019184
40019185
40019192
40019196
40019197
40019198
40019203
40019205
40019207
40019209
40019211
40019212
40019213
40019214
40019218
40019224
40019228
40019235
40019238
40019239
40019241
40019243
40019245
40019246
40019251
40019256
40019259
40019263
40019269
40019273
40019276
40019277
40019281
40019282
40019295
40019299
40019303
40019304
40019305
40019316
40019321
40019322
40019323
40019325
40019327
40019328
40019337
40019344
40019354
40019355
40019359
40019364
40019365
40019371
40019374
40019380
40019382
40019392
40019396
40019397
40019401
40019405
40019418
40019419
40019423
40019424
40019425
40019442
40019446
40019447
40019460
40019464
40019469
40019471
40019475
40019478
40019481
40019483
40019484
40019496
40019504
40019514
40019524
40019527
40019531
40019533
40019536
40019538
40019550
40019553
40019557
40019563
40019564
40019569
40019570
40019571
40019575
40019587
40019595
40019598
40019610
40019611
40019616
40019620
40019629
40019637
40019638
40019641
40019642
40019649
40019650
40019652
40019657
40019663
40019669
40019682
40019684
40019690
40019702
40019703
40019704
40019707
40019712
40019715
40019716
40019730
40019732
40019733
40019734
40019737
40019738
40019740
40019742
40019745
40019750
40019755
40019757
40019759
40019766
40019769
40019773
40019783
40019784
40019786
40019790
40019792
40019793
40019798
40019801
40019809
40019812
40019818
40019822
40019832
40019837
40019853
40019859
40019861
40019865
40019876
40019881
40019888
40019893
40019898
40019901
40019903
40019904
40019911
40019925
40019932
40019933
40019936
40019940
40019943
40019949
40019950
40019952
40019953
40019965
40019967
40019970
40019972
40019981
40019984
40019986
40019991
40019998
40019999
40020001
40020005
40020009
40020014
40020015
40020016
40020020
40020022
40020023
40020029
40020035
40020038
40020043
40020047
40020048
40020052
40020057
40020058
40020068
40020071
40020082
40020086
40020088
40020092
40020094
40020100
40020114
40020118
40020122
40020124
40020125
40020132
40020143
40020144
40020150
40020156
40020159
40020165
40020182
40020187
40020190
40020197
40020199
40020210
40020212
40020224
40020232
40020233
40020235
40020239
40020252
40020253
40020265
40020270
40020271
40020278
40020280
40020282
40020283
40020308
40020310
40020317
40020333
40020336
40020345
40020352
40020358
40020360
40020381
40020388
40020389
40020390
40020398
40020408
40020409
40020411
40020417
40020419
40020420
40020421
40020430
40020431
40020437
40020440
40020449
40020451
40020458
40020461
40020462
40020464
40020469
40020473
40020476
40020477
40020482
40020483
40020485
40020491
40020493
40020494
40020497
40020498
40020499
40020509
40020513
40020514
40020518
40020528
40020534
40020539
40020543
40020549
40020554
40020555
40020558
40020560
40020564
40020569
40020572
40020574
40020575
40020577
40020582
40020589
40020591
40020592
40020596
40020598
40020601
40020617
40020629
40020630
40020631
40020633
40020639
40020641
40020643
40020648
40020650
40020653
40020658
40020660
40020661
40020663
40020678
40020686
40020690
40020697
40020700
40020701
40020703
40020704
40020706
40020714
40020715
40020721
40020731
40020733
40020738
40020743
40020744
40020749
40020761
40020764
40020765
40020766
40020769
40020776
40020790
40020792
40020797
40020800
40020802
40020804
40020819
40020825
40020827
40020831
40020833
40020836
40020840
40020842
40020846
40020847
40020852
40020856
40020857
40020863
40020867
40020889
40020893
40020894
40020898
40020903
40020904
40020909
40020916
40020920
40020923
40020941
40020946
40020948
40020949
40020956
40020959
40020962
40020966
40020967
40020968
40020972
40020980
40020981
40020986
40020992
40020993
40021000
40021001
40021007
40021008
40021009
40021019
40021021
40021026
40021030
40021036
40021038
40021039
40021041
40021042
40021043
40021048
40021053
40021054
40021056
40021060
40021064
40021073
40021075
40021078
40021083
40021093
40021110
40021117
40021126
40021128
40021132
40021135
40021139
40021140
40021149
40021154
40021156
40021158
40021159
40021165
40021167
40021171
40021183
40021187
40021188
40021192
40021194
40021195
40021204
40021209
40021216
40021217
40021230
40021232
40021237
40021245
40021250
40021257
40021260
40021262
40021282
40021283
40021284
40021289
40021292
40021298
40021311
40021314
40021323
40021325
40021334
40021345
40021347
40021348
40021352
40021361
40021366
40021371
40021379
40021382
40021391
40021393
40021400
40021401
40021408
40021418
40021425
40021427
40021435
40021436
40021447
40021453
40021454
40021457
40021458
40021462
40021463
40021475
40021488
40021489
40021490
40021491
40021493
40021499
40021502
40021503
40021515
40021516
40021521
40021528
40021530
40021531
40021533
40021534
40021540
40021544
40021545
40021546
40021549
40021560
40021569
40021574
40021578
40021586
40021588
40021599
40021604
40021614
40021616
40021617
40021619
40021621
40021624
40021626
40021631
40021641
40021648
40021649
40021651
40021653
40021660
40021661
40021670
40021674
40021679
40021681
40021685
40021689
40021691
40021698
40021704
40021734
40021736
40021750
40021755
40021763
40021769
40021770
40021775
40021782
40021783
40021784
40021788
40021797
40021798
40021806
40021818
40021823
40021824
40021831
40021839
40021841
40021845
40021850
40021852
40021854
40021856
40021860
40021863
40021869
40021874
40021884
40021894
40021901
40021902
40021907
40021911
40021912
40021916
40021921
40021926
40021928
40021934
40021939
40021944
40021953
40021960
40021968
40021974
40021978
40021980
40021983
40021992
40021994
40021998
40022005
40022006
40022007
40022013
40022016
40022021
40022023
40022024
40022028
40022029
40022037
40022044
40022061
40022064
40022069
40022075
40022076
40022079
40022080
40022087
40022093
40022104
40022109
40022114
40022123
40022125
40022132
40022133
40022134
40022136
40022138
40022142
40022144
40022145
40022150
40022151
40022161
40022167
40022174
40022177
40022187
40022188
40022195
40022209
40022213
40022228
40022238
40022241
40022245
40022247
40022253
40022256
40022258
40022263
40022274
40022284
40022286
40022289
40022293
40022298
40022300
40022310
40022313
40022315
40022317
40022326
40022328
40022334
40022339
40022346
40022349
40022350
40022357
40022361
40022363
40022369
40022371
40022372
40022384
40022396
40022397
40022399
40022405
40022422
40022433
40022449
40022455
40022463
40022475
40022533
40022536
40022557
40022571
40022573
40022582
40022585
40022586
40022607
40022608
40022613
40022623
40022632
40022635
40022641
40022644
40022655
40022656
40022667
40022680
40022685
40022701
40022733
40022739
40022745
40022753
40022775
40022808
40022833
40022840
40022847
40022849
40022868
40022876
40022884
40022900
40022910
40022964
40022968
40023014
40023019
40034310
40034350
40034376
40034377
40034378
40034379
40034399
40034401
40034413
40034419
40034447
40034465
40034467
40034469
40034470
40034476
40034477
40034488
40034494
40034496
40034497
40034500
40034508
40034512
40034516
40034540
40034543
40034566
40034572
40034574
40034577
40034588
40034611
40034613
40034626
40034628
40034636
40034637
40034638
40034639
40034640
40034645
40034646
40034647
40034648
40034651
40034665
40034666
40034667
40034674
40034680
40034684
40034686
40034697
40034698
40034707
40034710
40034717
40034731
40034735
40034740
40034742
40034746
40034747
40034748
40034750
40034762
40034765
40034768
40034777
40034779
40034792
40034800
40034804
40034813
40034814
40034815
40034820
40034824
40034829
40034830
40034832
40034842
40034845
40034848
40034849
40034852
40034859
40034860
40034861
40034866
40034868
40034874
40034880
40034884
40034887
40034889
40034909
40034913
40034922
40034926
40034932
40034939
40034945
40034950
40034951
40034955
40034962
40034969
40034970
40034976
40034979
40034980
40034987
40034989
40034996
40034999
40035003
40035026
40035027
40035033
40035041
40035043
40035044
40035050
40035064
40035068
40035069
40035070
40035072
40035077
40035080
40035085
40035090
40035092
40035094
40035096
40035099
40035108
40035113
40035116
40035120
40035122
40035136
40035145
40035153
40035154
40035158
40035163
40035164
40035174
40035176
40035182
40035183
40035185
40035186
40035191
40035192
40035194
40035201
40035203
40035207
40035209
40035212
40035215
40035220
40035222
40035232
40035234
40035238
40035245
40035250
40035252
40035253
40035264
40035268
40035270
40035272
40035278
40035287
40035292
40035294
40035300
40035303
40035318
40035325
40035326
40035331
40035334
40035339
40035343
40035345
40035346
40035351
40035357
40035361
40035363
40035364
40035365
40035370
40035375
40035380
40035385
40035389
40035394
40035395
40035406
40035411
40035428
40035433
40035437
40035439
40035459
40035466
40035474
40035518
40035547
40041574
40041581
40041594
40041601
40041606
40041616
40041620
40041623
40041624
40041627
40041634
40041635
40041661
40041671
40041673
40041674
40041680
40041684
40041688
40041694
40041702
40041707
40041726
40041729
40041735
40041739
40041740
40041743
40041744
40041745
40041748
40041752
40041758
40041763
40041776
40041783
40041785
40041790
40041799
40041802
40041804
40041805
40041811
40041812
40041817
40041821
40041825
40041831
40041832
40041833
40041840
40041845
40041852
40041856
40041861
40041875
40041879
40041880
40041882
40041887
40041890
40041901
40041908
40041916
40041936
40041938
40041940
40041946
40041947
40041951
40041952
40041956
40041959
40041963
40041970
40041976
40041981
40041983
40041989
40041998
40042001
40042004
40042009
40042018
40042023
40042031
40042034
40042040
40042042
40042047
40042050
40042052
40042055
40042057
40042058
40042069
40042071
40042082
40042086
40042102
40042119
40042122
40042125
40042133
40042140
40042144
40042145
40042146
40042149
40042153
40042155
40042158
40042161
40042165
40042170
40042175
40042178
40042179
40042180
40042192
40042195
40042196
40042198
40042207
40042209
40042211
40042214
40042217
40042220
40042221
40042238
40042241
40042246
40042251
40042277
40042284
40042295
40042296
40042299
40042300
40042304
40042307
40042312
40042317
40042324
40042335
40042338
40042347
40042349
40042350
40042353
40042356
40042357
40042362
40042363
40042364
40042367
40042370
40042383
40042394
40042420
40042444
40042447
40042451
40042453
40042460
40042486
40042523
40042529
40042544
40065998
40066002
40066053
40066063
40066070
40066092
40066129
40066135
40066184
40066207
40066230
40066233
40066241
40066255
40066260
40066284
40066290
40066291
40066315
40066322
40066323
40066344
40066346
40066353
40066356
40066361
40066367
40066373
40066376
40066403
40066430
40066434
40066438
40066444
40066452
40066474
40066476
40066481
40066487
40066492
40066497
40066498
40066506
40066521
40066522
40066533
40066541
40066544
40066556
40066570
40066572
40066581
40066590
40066593
40066601
40066612
40066613
40066614
40066616
40066619
40066627
40066629
40066632
40066637
40066640
40066647
40066650
40066652
40066655
40066656
40066672
40066673
40066680
40066702
40066703
40066706
40066714
40066731
40066735
40066744
40066746
40066749
40066752
40066756
40066760
40066763
40066772
40066778
40066779
40066780
40066787
40066794
40066799
40066800
40066801
40066811
40066812
40066813
40066821
40066829
40066830
40066835
40066839
40066843
40066852
40066856
40066859
40066870
40066871
40066880
40066881
40066894
40066897
40066898
40066912
40066917
40066923
40066933
40066934
40066936
40066938
40066939
40066945
40066952
40066953
40066954
40066959
40066960
40066971
40066976
40066979
40066980
40066988
40066990
40066991
40066995
40067000
40067001
40067002
40067004
40067006
40067011
40067013
40067031
40067035
40067039
40067040
40067045
40067046
40067054
40067056
40067058
40067062
40067066
40067076
40067077
40067079
40067082
40067086
40067087
40067091
40067099
40067100
40067111
40067114
40067121
40067141
40067142
40067154
40067168
40067183
40067186
40067188
40067192
40067194
40067198
40067199
40067204
40067213
40067216
40067217
40067231
40067238
40067241
40067248
40067261
40067264
40067267
40067275
40067278
40067284
40067287
40067289
40067295
40067296
40067304
40067306
40067309
40067316
40067317
40067325
40067328
40067334
40067348
40067349
40067350
40067357
40067359
40067362
40067364
40067368
40067370
40067371
40067377
40067380
40067384
40067391
40067399
40067400
40067405
40067406
40067407
40067419
40067426
40067429
40067431
40067432
40067433
40067436
40067443
40067444
40067447
40067452
40067454
40067462
40067463
40067480
40067481
40067483
40067484
40067486
40067496
40067497
40067498
40067505
40067509
40067522
40067526
40067529
40067535
40067537
40067539
40067547
40067550
40067560
40067561
40067562
40067568
40067574
40067581
40067591
40067592
40067594
40067607
40067615
40067617
40067618
40067619
40067623
40067624
40067632
40067649
40067657
40067661
40067668
40067672
40067677
40067678
40067683
40067686
40067689
40067694
40067696
40067697
40067702
40067710
40067712
40067716
40067718
40067727
40067730
40067744
40067747
40067749
40067750
40067755
40067773
40067777
40067778
40067779
40067780
40067789
40067793
40067807
40067808
40067814
40067815
40067817
40067818
40067820
40067826
40067828
40067830
40067832
40067835
40067838
40067839
40067840
40067859
40067860
40067873
40067874
40067876
40067877
40067884
40067893
40067895
40067897
40067898
40067902
40067904
40067911
40067918
40067923
40067938
40067939
40067940
40067941
40067946
40067949
40067950
40067951
40067955
40067994
40068004
40068011
40068013
40068014
40068015
40068028
40068029
40068031
40068037
40068042
40068046
40068062
40068063
40068086
40068090
40068092
40068096
40068098
40068106
40068110
40068116
40068117
40068120
40068127
40068135
40068136
40068138
40068149
40068150
40068151
40068153
40068158
40068164
40068175
40068176
40068181
40068183
40068189
40068200
40068225
40068229
40068235
40068243
40068244
40068246
40068252
40068255
40068258
40068260
40068265
40068266
40068273
40068274
40068279
40068282
40068285
40068286
40068296
40068299
40068301
40068306
40068307
40068308
40068314
40068329
40068333
40068340
40068341
40068347
40068354
40068359
40068371
40068374
40068375
40068379
40068385
40068388
40068389
40068394
40068407
40068417
40068424
40068435
40068439
40068440
40068443
40068448
40068449
40068450
40068451
40068457
40068458
40068461
40068476
40068478
40068484
40068485
40068502
40068503
40068512
40068513
40068528
40068531
40068533
40068535
40068536
40068543
40068545
40068549
40068552
40068559
40068563
40068573
40068574
40068575
40068583
40068588
40068600
40068601
40068604
40068611
40068618
40068619
40068627
40068632
40068645
40068646
40068650
40068651
40068667
40068670
40068671
40068681
40068690
40068697
40068698
40068699
40068702
40068703
40068704
40068713
40068717
40068720
40068722
40068724
40068728
40068741
40068748
40068754
40068756
40068757
40068761
40068763
40068764
40068768
40068784
40068789
40068803
40068804
40068809
40068810
40068815
40068817
40068819
40068820
40068821
40068837
40068839
40068843
40068846
40068850
40068862
40068868
40068869
40068870
40068871
40068872
40068873
40068881
40068888
40068891
40068892
40068897
40068898
40068903
40068904
40068917
40068923
40068931
40068937
40068939
40068942
40068954
40068973
40068976
40068977
40068985
40068987
40068996
40069004
40069005
40069007
40069013
40069015
40069024
40069026
40069028
40069033
40069038
40069041
40069045
40069067
40069071
40069072
40069077
40069083
40069089
40069100
40069103
40069110
40069114
40069118
40069120
40069123
40069141
40069144
40069156
40069161
40069165
40069167
40069169
40069170
40069171
40069174
40069176
40069181
40069189
40069190
40069198
40069201
40069202
40069204
40069205
40069209
40069211
40069213
40069215
40069224
40069230
40069233
40069240
40069243
40069252
40069257
40069259
40069260
40069266
40069269
40069273
40069285
40069292
40069293
40069301
40069308
40069321
40069327
40069329
40069331
40069335
40069338
40069346
40069347
40069348
40069350
40069358
40069363
40069369
40069374
40069383
40069384
40069386
40069393
40069394
40069395
40069401
40069404
40069415
40069418
40069439
40069441
40069442
40069444
40069448
40069455
40069457
40069458
40069460
40069461
40069467
40069468
40069474
40069475
40069480
40069495
40069496
40069500
40069502
40069503
40069504
40069506
40069520
40069541
40069542
40069554
40069563
40069564
40069569
40069585
40069588
40069592
40069595
40069600
40069602
40069605
40069616
40069625
40069635
40069640
40069649
40069652
40069654
40069655
40069662
40069663
40069664
40069666
40069670
40069672
40069678
40069680
40069681
40069687
40069693
40069695
40069702
40069703
40069709
40069711
40069712
40069719
40069720
40069721
40069741
40069743
40069746
40069747
40069748
40069762
40069768
40069777
40069778
40069785
40069788
40069790
40069795
40069796
40069801
40069806
40069807
40069819
40069825
40069827
40069834
40069847
40069848
40069849
40069850
40069851
40069854
40069859
40069864
40069868
40069870
40069874
40069886
40069889
40069893
40069897
40069900
40069910
40069915
40069936
40069961
40069967
40069970
40069987
40069988
40069998
40070004
40070015
40070019
40070024
40070033
40070037
40070047
40070049
40070051
40070053
40070054
40070064
40070066
40070070
40070076
40070079
40070080
40070083
40070087
40070089
40070090
40070093
40070095
40070096
40070102
40070107
40070115
40070122
40070123
40070134
40070136
40070141
40070142
40070147
40070152
40070155
40070157
40070166
40070168
40070173
40070176
40070181
40070183
40070185
40070186
40070193
40070195
40070196
40070202
40070204
40070206
40070207
40070208
40070209
40070210
40070213
40070218
40070229
40070240
40070243
40070244
40070247
40070250
40070254
40070256
40070258
40070270
40070276
40070277
40070279
40070283
40070297
40070299
40070300
40070325
40070328
40070331
40070332
40070335
40070344
40070345
40070346
40070348
40070349
40070350
40070370
40070373
40070386
40070399
40070412
40070424
40070426
40070433
40070437
40070445
40070468
40070480
40070482
40070485
40070490
40070491
40070495
40070498
40070503
40070504
40070508
40070512
40070518
40070521
40070522
40070527
40070537
40070546
40070555
40070569
40070575
40070583
40070584
40070585
40070586
40070589
40070604
40070606
40070611
40070620
40070624
40070628
40070632
40070633
40070643
40070644
40070657
40070662
40070664
40070671
40070680
40070696
40070703
40070705
40070706
40070708
40070710
40070712
40070721
40070726
40070728
40070734
40070736
40070741
40070746
40070756
40070759
40070763
40070770
40070771
40070773
40070782
40070783
40070789
40070790
40070793
40070820
40070821
40070822
40070827
40070832
40070839
40070841
40070854
40070855
40070862
40070863
40070870
40070873
40070886
40070887
40070892
40070894
40070895
40070897
40070903
40070912
40070928
40070937
40070950
40070962
40070964
40070967
40070985
40070986
40070987
40070993
40070996
40071005
40071010
40071028
40071037
40071039
40071040
40071042
40071047
40071049
40071082
40071090
40071105
40071116
40071123
40071127
40071133
40071136
40071143
40071144
40071171
40071172
40071181
40071206
40071208
40071238
40071244
40071245
40071246
40071284
40071362
40071381
40071391
40071392
40071534
40085193
40085197
40085218
40085228
40085237
40085242
40085252
40085256
40085263
40085264
40085268
40085269
40085270
40085283
40085304
40085314
40085324
40085340
40085341
40085342
40085343
40085352
40085361
40085362
40085363
40085365
40085371
40085377
40085381
40085383
40085400
40085402
40085404
40085410
40085422
40085431
40085432
40085451
40085455
40085460
40085468
40085469
40085477
40085479
40085492
40085493
40085498
40085518
40085547
40085548
40085551
40085573
40085583
40085586
40085588
40085596
40085609
40085630
40085637
40085639
40085649
40085652
40085657
40085666
40085669
40085670
40085673
40085675
40085679
40085707
40085725
40085726
40085732
40085766
40085790
40085806
40085807
40085818
40085826
40085831
40085868
40085870
40085881
40085895
40085900
40085911
40085912
40085916
40085919
40085924
40085936
40085945
40085952
40085953
40085977
40085989
40085990
40086003
40086004
40086008
40086018
40086026
40086032
40086041
40086050
40086058
40086059
40086061
40086065
40086074
40086085
40086109
40086113
40086127
40086155
40086176
40086180
40086183
40086211
40086219
40086224
40086227
40086241
40086246
40086262
40086263
40086266
40086270
40086293
40086300
40086307
40086332
40086337
40086408
40086428
40086440
40086523
40086524
40092532
40092551
40092569
40092572
40092574
40092575
40092577
40092580
40092589
40092604
40092613
40092621
40092635
40092643
40092653
40092672
40092678
40092680
40092703
40092737
40092741
40092752
40092753
40092764
40092771
40092779
40092782
40092788
40092791
40092804
40092807
40092819
40092825
40092839
40092840
40092876
40092884
40092893
40092895
40092901
40092912
40092938
40092950
40092960
40092963
40092979
40092986
40092998
40093006
40093009
40093015
40093019
40093037
40093041
40093054
40093057
40093080
40093093
40093094
40093113
40093139
40093174
40093184
40093188
40093204
40098444
40098458
40098489
40098504
40098521
40098527
40098529
40098532
40098534
40098544
40098545
40098548
40098549
40098553
40098556
40098557
40098564
40098571
40098576
40098577
40098579
40098588
40098593
40098594
40098600
40098609
40098613
40098625
40098640
40098660
40098671
40098680
40098682
40098689
40098724
40098728
40098762
40098796
40098798
40098812
40098820
40098823
40098831
40098834
40098840
40098841
40098844
40098864
40098877
40098881
40098897
40098906
40098910
40098915
40098928
40098929
40098954
40098990
40098994
40099008
40099021
40099040
40099042
40099065
40099072
40099075
40099087
40099090
40099099
40099114
40099186
40099187
40103001
40103021
40103038
40103044
40103061
40103068
40103070
40103076
40103089
40103110
40103113
40103123
40103127
40103158
40103164
40103175
40103193
40103234
40103262
40103263
40103277
40103288
40103312
40103314
40103315
40103344
40103355
40103370
40103380
40107002
40107017
40107042
40107047
40107067
40107069
40107084
40107089
40107091
40107198
40107208
40107228
40107234
40107276
40107283
40107288
40107331
40107356
40107357
40110505
40110540
40110548
40110565
40110570
40110574
40110586
40110590
40110593
40110597
40110626
40110630
40110643
40110670
40110672
40110677
40110686
40110694
40110701
40110706
40110708
40110725
40110734
40110746
40110748
40110751
40110756
40110784
40110787
40110789
40110791
40113688
40113722
40113724
40113738
40113752
40113769
40113780
40113852
40113861
40113864
40113866
40113872
40113907
40113937
40113943
40113992
40113994
40118898
40118905
40118931
40118987
40119099
40119102
40119180
40119183
40119196
40122572
40122579
40122687
40122693
40122764
40122783
40125612
40125666
40125712
40128858
40128876
40128905
40128980
40129012
40129040
40129084
40132035
40132042
40132061
40132071
40132076
40132159
40132160
40134837
40134872
40134947
40134980
40137447
40137465
40137469
40137490
40137491
40137493
40137564
40137614
40137618
40139787
40139797
40139801
40139805
40139834
40139864
40139875
40139896
40139897
40139930
40142299
40142301
40142314
40142329
40142353
40142410
40142419
40142425
40144927
40144931
40144995
40147603
40147638
40147652
40147657
40147698
40147711
40147761
40150002
40150011
40150016
40150030
40150036
40150068
40150083
40152510
40152531
40152555
40152577
40152595
40152617
40152625
40152667
40157986
40164727
40164771
40164778
40164794
40164800
40164809
40164811
40164821
40164835
40164838
40164859
40164899
40164908
40164909
40164935
40164960
40164977
40164981
40164986
40164995
40165024
40165052
40165084
40165098
40165104
40165107
40165114
40165137
40165158
40165178
40165188
40165194
40165204
40165205
40165219
40165241
40165248
40165254
40165290
40165304
40165312
40165325
40165359
40165367
40165374
40165378
40165387
40165389
40165409
40165410
40170355
40170358
40170368
40170371
40170373
40170376
40170407
40170408
40170410
40170411
40170412
40170421
40170427
40170442
40170446
40170450
40170456
40170522
40170536
40170550
40170594
40170611
40170657
40170724
40170756
40170764
40170771
40170783
40170789
40170795
40170807
40174756
40174774
40174810
40174816
40174819
40174821
40174826
40174863
40174888
40174894
40174919
40175004
40175043
40175058
40175099
40175124
40175209
40175278
40178498
40178509
40178518
40178524
40178531
40178538
40178543
40178544
40178547
40178552
40178562
40178581
40178657
40178671
40178680
40178727
40178740
40178771
40178779
40178783
40178791
40178806
40178807
40181700
40181712
40181732
40181777
40181778
40181817
40181852
40181910
40181973
40181975
40182015
40182034
40184795
40184817
40184826
40184838
40184849
40184868
40184880
40184899
40184914
40184924
40184977
40184995
40185034
40185051
40185067
40185096
40185099
40185164
40185169
40185173
40185175
40187957
40187987
40188024
40188028
40188029
40188058
40188097
40188202
40188217
40188228
40188238
40188246
40188298
40188309
40188337
40191060
40191093
40191102
40191111
40191116
40191119
40191126
40191149
40191177
40191182
40191197
40191269
40191350
40194122
40194126
40194128
40194143
40194147
40194169
40194355
40194370
40194371
40194375
40194385
40194397
40197385
40197396
40197411
40197420
40197425
40197443
40197458
40197468
40197476
40197490
40197501
40197505
40197507
40197519
40197537
40197542
40197559
40197600
40197604
40197619
40197644
40200103
40200122
40200126
40200137
40200162
40200183
40200205
40200210
40200218
40200272
40200300
40200321
40202755
40202767
40202774
40202779
40202828
40202833
40202857
40202925
40202927
40205601
40205618
40205619
40205624
40205633
40205645
40205646
40205695
40205711
40205743
40205768
40205816
40205834
40205892
40205921
40205994
40206044
40206052
40206135
40208980
40208982
40209000
40209043
40209081
40209088
40209091
40209112
40209113
40211604
40211618
40211627
40211631
40211664
40211671
40211742
40211770
40211851
40211866
40214137
40214167
40214177
40214178
40216615
40216629
40216635
40216666
40216668
40216669
40216672
40216717
40216746
40218809
40218828
40218834
40218843
40218894
40218937
40218977
40218980
40222081
40222093
40222101
40222104
40222113
40222129
40222136
40222138
40222145
40222147
40222149
40222155
40222191
40222195
40222199
40222218
40222261
40222269
40222278
40222294
40222297
40222322
40222382
40222417
40222483
40222484
40222556
40222561
40222569
40222599
40225547
40225548
40225558
40225563
40225569
40225586
40225592
40225614
40225660
40225670
40225692
40225710
40225720
40225722
40225742
40225750
40225751
40225772
40225781
40225814
40225828
40225875
40228334
40228339
40228346
40228353
40228372
40231295
40231312
40231316
40231320
40231325
40231326
40231331
40231333
40231345
40231352
40231361
40231405
40231516
40231536
40231622
40231623
40231643
40231649
40231659
40234275
40234280
40234284
40234288
40234312
40234320
40234328
40234332
40234334
40234341
40234357
40234383
40234421
40234568
40234576
40237334
40237353
40237364
40237373
40237376
40237512
40237529
40237594
40237641
40237682
40237683
40237700
40240184
40240190
40240193
40240339
40240447
40242718
40242730
40242737
40242753
40242972
40243005
40244891
40244928
40244936
40244944
40244964
40245023
40245079
40245105
40245106
40247027
40247038
40247140
40247170
40247240
40247264
40249432
40249468
40249474
40249479
40249481
40249483
40249602
40249606
40249649
40249650
40251838
40251853
40251857
40251862
40251864
40251879
40251891
40251892
40251895
40251910
40251916
40252036
40254121
40254131
40254136
40254137
40254138
40254141
40254144
40254153
40254157
40254160
40254240
40254345
40254354
40256615
40256621
40256629
40256649
40256650
40256695
40256720
40256757
40256875
40258784
40258787
40258795
40258811
40258831
40258888
40258988
40258990
40261033
40261034
40261046
40261059
40261067
40261128
40261138
40261252
40261278
40261280
40261308
40263501
40263503
40263510
40263515
40263521
40263528
40263606
40265614
40265616
40265621
40265635
40265642
40265654
40265658
40265689
40267900
40267934
40267978
40268032
40270445
40270459
40270478
40270484
40270488
40270494
40270497
40270511
40270515
40270576
40270636
40270735
40270774
40273184
40273185
40273194
40273218
40273487
40275899
40275913
40275921
40275930
40275933
40275942
40275944
40275961
40275962
40276106
40276137
40278629
40278653
40278663
40278679
40278690
40278701
40278706
40278726
40278838
40278925
40279056
40281638
40281652
40281663
40281668
40281674
40281675
40281678
40281684
40281693
40281704
40281711
40281716
40281718
40281735
40281908
40284270
40284281
40284292
40284316
40284372
40284401
40291418
40291454
40291456
40291478
40291512
40291515
40291524
40291548
40291552
40291568
40291593
40291597
40291601
40291606
40291609
40291610
40291613
40291629
40291634
40291635
40291658
40291662
40291664
40291673
40291679
40291680
40291687
40291695
40291703
40291712
40291716
40291721
40291724
40291733
40291735
40291741
40291748
40291876
40291919
40291932
40292249
40292293
40292429
40292441
40292455
40292471
40292678
40292732
40303206
40303239
40303246
40303271
40303316
40303320
40303325
40303330
40303341
40303342
40303380
40303381
40303382
40303389
40303390
40303403
40303409
40303419
40303430
40303431
40303440
40303442
40303461
40303474
40303476
40303483
40303492
40303494
40303499
40303505
40303507
40303516
40303519
40303539
40303541
40303548
40303560
40303575
40303578
40303579
40303582
40303590
40303610
40303620
40303635
40303639
40303642
40303647
40303648
40303664
40303682
40303706
40304121
40310913
40310938
40310950
40310954
40310962
40310969
40310970
40310973
40310974
40310982
40310988
40310994
40311020
40311021
40311025
40311029
40311056
40311070
40311109
40311169
40311191
40311201
40311231
40315779
40315812
40315826
40315830
40315837
40315844
40315845
40315846
40315854
40315856
40315860
40315863
40315864
40315870
40315871
40315893
40315894
40320203
40320224
40320233
40320235
40320251
40320252
40320255
40320263
40320276
40320305
40320559
40320597
40324297
40324306
40324308
40324319
40324327
40324331
40324339
40324366
40324522
40328114
40328128
40328134
40328152
40328160
40328165
40328168
40328169
40328172
40328186
40328191
40328213
40328217
40328255
40328452
40328479
40332013
40332023
40332026
40332030
40332032
40332043
40332053
40332054
40332057
40332071
40332132
40332144
40336310
40336312
40336316
40336326
40336328
40336331
40336340
40336346
40336348
40336359
40336368
40336370
40336384
40336385
40336386
40336391
40336402
40336407
40336409
40336418
40336438
40336464
40336520
40336552
40336557
40336577
40336599
40336606
40336624
40336655
40336687
40336835
40340804
40340806
40340812
40340858
40340863
40340867
40340876
40340880
40340890
40340893
40340900
40340911
40340917
40340920
40340922
40340940
40340945
40340963
40340968
40340975
40341142
40341240
40341281
40341403
40341443
40344723
40344728
40344745
40344751
40344761
40344768
40344773
40344776
40344779
40344783
40344803
40344804
40344805
40344810
40344821
40344823
40344829
40344836
40344844
40344851
40344889
40344988
40344995
40345029
40345175
40345187
40348960
40348961
40349006
40349007
40349014
40349015
40349018
40349022
40349023
40349027
40349037
40349039
40349042
40349044
40349046
40349064
40349372
40349457
40349503
40353191
40353210
40353211
40353219
40353242
40353246
40353249
40353256
40353278
40353283
40353290
40353306
40353311
40353455
40353600
40353687
40356187
40356207
40356217
40356218
40356222
40356226
40356227
40356250
40356291
40356304
40356341
40356372
40356427
40356463
40358575
40358587
40358598
40358607
40358612
40358624
40358631
40358632
40358821
40361162
40361178
40361191
40361195
40361211
40361231
40361271
40363504
40363542
40363571
40363573
40363585
40365597
40365615
40365650
40365715
40365717
40367599
40367613
40367617
40367619
40367621
40367650
40367656
40367664
40367691
40367700
40367761
40367766
40369560
40369599
40369603
40369728
40371470
40371521
40371539
40373394
40373405
40373413
40373429
40373436
40373545
40375230
40375241
40375301
40375331
40377141
40377174
40377188
40377191
40377194
40377203
40377210
40377211
40377256
40378960
40378967
40378977
40378994
40379104
40380834
40380839
40380877
40380904
40380939
40380945
40380966
40390505
40390509
40390533
40390539
40390540
40390541
40390555
40390588
40390597
40390605
40390630
40390635
40390654
40390676
40390713
40396475
40396479
40396495
40396507
40396510
40396517
40396535
40396552
40403252
40403263
40403275
40403290
40403295
40403296
40403302
40403324
40403327
40403328
40403343
40403363
40403364
40403365
40403366
40403385
40403396
40403429
40403658
40403864
40407727
40407740
40407742
40407748
40407756
40407764
40407802
40408026
40411517
40411520
40411542
40411550
40411553
40411561
40411566
40411581
40411584
40411585
40411597
40415094
40415129
40415139
40415142
40415168
40415177
40415182
40417948
40417970
40420538
40420543
40420548
40420564
40420578
40420734
40424909
40424916
40424924
40424934
40424941
40424985
40424995
40425003
40425004
40430531
40430576
40430583
40430591
40430613
40430621
40430625
40430629
40430632
40430643
40430645
40430655
40430677
40430681
40430701
40434713
40434733
40434754
40434759
40439103
40439138
40439140
40439147
40439150
40442170
40442182
40442188
40442193
40442198
40442199
40444539
40444552
40444559
40444592
40446861
40449013
40449038
40449042
40450868
40450880
40450881
40460435
40460446
40462461
40462466
40462472
40462483
40462488
40464621
40464633
40469410
40469421
40469431
40469441
40469447
40469451
40469461
40469648
40473807
40473812
40473829
40473853
40473862
40473867
40473870
40473877
40473878
40473881
40473884
40473887
40473893
40473896
40473897
40473898
40473900
40473902
40473905
40473908
40473925
40473934
40473941
40474032
40477369
40477392
40477394
40477398
40477400
40477401
40477449
40479980
40479985
40479992
40480011
40483642
40483650
40483668
40483673
40485725
40485746
40485805
40487447
40489781
40489782
40491948
40491956
40492113
40494035
40494048
40495950
40495951
40500860
40500905
40501462
40517753
40521968
40521982
40521995
40522008
40522079
40522090
40522179
40525220
40525240
40525254
40525255
40525258
40528061
40528166
40531281
40531294
40531311
40537819
40540787
40543475
40543481
40543522
40543553
40543611
40545903
40548045
40548143
40550264
40550273
40550274
40552800
40554730
40554737
40554752
40554860
40556804
40619781
40622546
40622700
40626533
40629359
40629375
40629382
40629415
40631186
40634975
40635005
40638496
40638557
40638563
40641411
40641676
40645662
40645784
40645828
40645854
40645862
40645867
40645871
40645891
40645929
40648894
40648998
40649039
40651420
40651539
40651575
40656444
40656476
40656517
40656532
40656549
40656572
40658884
40658910
40658924
40658926
40660925
40660942
40661266
40666296
40666335
40666425
40666434
40666489
40666696
40750485
40750512
40750616
40750643
40750663
40750779
40750813
40750849
40750851
40750855
40750881
40750947
40750992
40751007
40777699
40777800
40777931
40777942
40795313
40804323
40812278
40812317
40812388
40816915
40816918
40816965
40817063
40824835
40835330
40835347
40844618
40844676
40844678
40844757
40852831
40863207
40863327
40863374
40872384
40888549
40888642
40896817
40896851
40896923
40907665
40907682
40907700
40907712
40919353
40919364
40923685
40923687
40941734
40941768
40953492
40968362
40995521
40995522
40995535
40997759
40999895
41001905
41003764
41007975
41010830
41017932
41017947
41017977
41024299
41031976
41052233
41052239
41070674
41079750
41079753
41080575
41080580
41081418
41082978
41083822
41083824
41090829
41095855
41096745
41096751
41097544
41097548
41102922
41105196
41166923
41166946
41166970
41166993
41166998
41167009
41167041
41167058
41167075
41167078
41167137
41167143
41167145
41167194
41167328
41169615
41169652
41169658
41169701
41169709
41169712
41169744
41169751
41169772
41169776
41169784
41172110
41172118
41172167
41174143
41174150
41174174
41174183
41175946
41175975
41175976
41175977
41175984
41177477
41177556
41179960
41179992
41180161
41182165
41182179
41184558
41187148
41189896
41196175
41196185
41196281
41198186
41203260
41205331
41213024
41213885
41226973
41234669
41236435
41239864
41244154
41245458
41246784
41251263
41252243
41253202
41253204
41254197
41254259
41254267
41255501
41257229
41257241
41257266
41257290
41257346
41257349
41257361
41257841
41258349
41258352
41258358
41258366
41258932
41258950
41259068
41259553
41259559
41260144
41260680
41260720
41260722
41261135
41261159
41261615
41262095
41262110
41262111
41262112
41262130
41262134
41264098
41267741
41267771
41267773
41267792
41267841
41267856
41267897
41267909
41267911
41267912
41267913
41267920
41267930
41267941
41267944
41267948
41267959
41267999
41268016
41268027
41268043
41268060
41268094
41268114
41268136
41268973
41268975
41268983
41268994
41269015
41269029
41269050
41269077
41269083
41269109
41269146
41269180
41269203
41269206
41269224
41269252
41269269
41270058
41270063
41270077
41270089
41270098
41270111
41270130
41270168
41270193
41270237
41270308
41270340
41270341
41270361
41270365
41270367
41270373
41270390
41270395
41270400
41270402
41270420
41270432
41270442
41270466
41270479
41270484
41270490
41270515
41270524
41270526
41270528
41271454
41271514
41271547
41271577
41271598
41271631
41271655
41271686
41271750
41271765
41271767
41271770
41271780
41271785
41271813
41271824
41271838
41271866
41271868
41271872
41271938
41272766
41272785
41272810
41272818
41272833
41272836
41272875
41272905
41272929
41272940
41272942
41272957
41272993
41273012
41273024
41273025
41273033
41273071
41274450
41274498
41274518
41274551
41274564
41274626
41274634
41274638
41274673
41274723
41274734
41274738
41274760
41274783
41274802
41274809
41274837
41274838
41274844
41274853
41274884
41274894
41274904
41274911
41276603
41276613
41276623
41276631
41276700
41276721
41276755
41276770
41276782
41276783
41276849
41276873
41278606
41278630
41278640
41278695
41278730
41278731
41278737
41278744
41278781
41278818
41278821
41280640
41280651
41280776
41282596
41282604
41282610
41282612
41283752
41283827
41283828
41283837
41284718
41284820
41284856
41285878
41285921
41285965
41287183
41287212
41287312
41287413
41288243
41288278
41289193
41290006
41290076
41290088
41290115
41290135
41291154
41291191
41291378
41293570
41295438
41297459
41297569
41300008
41306477
41306545
41312420
41313106
41315263
41315272
41329252
41332174
41378396
41379303
41379314
41380505
41387895
41403328
41444453
41446620
41447575
41448503
41452751
41455898
41459055
41459525
41475689
41481058
41484948
41486629
41486904
41487678
41490272
41499834
41511798
41574987
41664656
41672497
41681739
41682184
41693089
41700229
41709512
41710719
41712236
41712241
41713693
41716610
41716969
41716970
41717317
41717321
41717957
41719708
41720014
41720357
41721046
41721382
41726019
41726885
41730009
41730298
41734784
41736913
41739305
41741998
41743396
41744805
41745404
41745730
41746670
41746688
41747415
41747426
41749714
41750794
41751066
41754160
41757237
41757859
41760414
41788456
41788764
41789115
41791078
41797572
41803876
41803887
41805865
41805893
41805902
41805911
41805913
41806867
41806883
41806904
41806914
41806916
41807605
41808257
41808306
41808309
41808322
41808826
41809373
41809418
41809420
41809919
41809942
41810007
41810012
41810025
41810606
41811055
41811070
41811555
41811571
41813337
41813344
41813462
41813882
41813891
41814941
41814952
41815375
41815863
41815873
41815891
41815892
41816293
41816336
41816345
41816690
41816702
41816715
41816747
41816750
41817215
41817620
41817626
41818038
41819276
41819332
41819833
41819860
41820390
41820445
41820868
41820880
41821739
41821762
41821764
41821765
41822137
41823286
41823858
41823893
41823894
41826225
41826274
41826717
41827341
41827380
41827381
41828195
41828216
41828277
41829434
41829490
41829498
41830303
41830306
41830308
41830845
41830861
41830891
41831638
41832178
41832237
41832248
41832856
41834256
41834259
41834905
41834944
41834950
41836432
41837061
41837089
41837789
41837829
41839151
41840076
41840101
41841442
41841453
41843570
41844478
41846108
41846141
41851830
41851836
41854092
41854187
41855248
41857018
41858547
41860439
41860453
41861159
41861162
41861963
41862549
41863245
41867096
41867117
41869588
41870927
41871330
41871333
41872599
41875850
41877181
41878665
41880019
41881021
41883686
41886499
41887534
41889515
41892679
41893422
41898317
41900486
41901115
41910117
41914864
41917286
41917426
41919000
41919019
41919057
41919813
41920489
41920495
41920505
41921226
41921741
41921749
41921770
41923671
41923676
41923677
41923687
41923704
41923735
41924271
41924739
41925269
41925270
41925305
41926837
41926855
41926856
41926869
41926895
41926928
41927451
41927473
41927847
41928797
41929261
41929270
41929337
41930037
41930658
42138614
42138739
42138764
42139363
42139383
42139867
42139879
42139900
42139905
42140651
42140669
42140675
42140679
42140719
42141110
42141987
42143059
42143069
42143702
42144780
42144810
42145963
42145976
42146011
42146063
42146096
42146804
42146807
42146867
42147373
42149335
42149383
42149389
42149425
42150017
42150028
42150056
42150498
42150502
42150517
42150524
42150527
42150528
42150531
42150537
42150539
42150540
42150551
42150561
42150579
42150587
42150588
42150591
42150595
42150601
42150610
42150611
42150616
42150624
42150625
42150629
42150632
42153062
42153083
42153089
42153094
42153098
42153113
42153114
42153115
42153128
42153138
42153140
42153158
42153162
42153174
42153176
42153700
42153719
42153749
42153782
42153795
42153803
42153820
42153825
42153828
42153832
42153860
42153868
42153902
42153907
42153911
42153920
42153933
42153962
42155084
42155139
42155147
42155156
42155158
42155855
42155864
42155870
42155882
42155954
42155956
42156522
42156590
42156592
42156601
42156617
42156627
42156633
42156673
42156677
42157158
42157240
42157245
42157259
42157266
42157304
42157316
42157320
42157338
42158998
42159009
42159016
42159054
42159065
42159087
42159112
42159114
42159118
42159721
42159761
42159831
42159854
42163116
42163133
42163145
42163162
42163176
42163198
42163203
42163215
42163223
42164593
42164627
42164631
42165211
42165249
42165259
42165261
42165300
42165309
42165320
42165342
42165350
42165359
42165362
42165380
42165400
42165906
42165954
42165956
42165961
42165966
42166683
42166689
42166693
42166704
42166717
42166719
42166731
42166734
42166735
42166736
42166740
42166750
42166757
42166765
42166769
42166782
42166788
42166797
42166805
42166822
42167221
42167222
42167230
42167246
42167256
42167266
42167267
42168368
42168377
42168379
42168422
42168424
42168442
42168451
42177573
42177680
42177718
42177739
42177743
42177777
42178735
42179858
42179883
42179891
42179914
42179924
42181194
42181213
42182592
42183158
42183175
42183201
42183234
42183237
42183271
42183293
42183300
42183302
42183307
42183308
42183313
42186119
42186157
42186262
42186607
42186642
42187131
42187168
42187186
42187189
42187714
42188490
42188499
42188864
42188903
42189231
42189768
42189770
42189783
42190141
42190151
42190156
42190170
42190174
42190177
42191743
42191744
42191749
42191788
42191789
42191792
42192316
42192329
42192344
42192614
42192639
42192646
42192653
42198981
42199140
42199162
42201658
42201691
42202684
42202688
42202712
42202726
42203149
42203955
42204017
42205076
42205081
42205088
42209608
42209617
42209622
42209668
42209672
42209679
42209743
42212515
42212516
42212552
42216432
42216436
42216488
42216529
42217828
42223162
42223217
42223617
42224903
42224905
42225299
42226408
42227362
42227396
42227427
42233287
42233320
42233322
42233344
42233345
42233360
42233361
42233365
42233369
42233372
42233373
42233378
42233382
42233392
42233398
42233411
42233429
42233434
42233465
42233466
42233468
42233473
42233490
42233495
42233500
42234175
42234221
42235574
42235606
42235938
42235943
42236814
42236825
42245775
42245787
42245793
42245803
42245804
42245825
42245847
42245855
42245867
42245882
42245888
42245912
42245919
42245946
42245947
42245957
42245959
42245961
42245970
42245975
42245984
42245988
42247564
42250039
42251221
42254770
42254772
42254776
42254804
42254825
42254853
42254859
42255755
42255775
42256097
42256104
42256976
42256980
42256987
42257971
42257998
42258430
42258457
42258767
42258790
42261588
42261592
42262203
42262969
42265944
42266811
42272678
42273075
42273078
42273832
42273840
42274218
42274219
42274236
42274633
42276162
42279077
42280158
42281204
42282660
42283208
42284824
42285414
42286229
42286230
42287235
42288899
42288900
42291041
42293825
42296043
42296462
42333926
42338516
42345485
42356356
42356374
42364465
42364473
42364475
42364507
42364513
42364514
42365040
42365049
42365828
42366622
42366641
42366988
42370778
42371231
42371658
42372406
42373060
42373072
42373419
42373953
42375954
42376461
42376678
42377168
42378326
42378332
42379249
42379253
42379255
42379259
42379265
42379271
42379272
42379275
42379279
42380417
42380424
42380425
42382290
42382298
42382303
42382306
42387149
42388397
42388399
42392181
42392213
42392234
42392237
42395382
42395596
42398254
42399825
42400903
42401436
42402277
42403177
42403761
42405877
42405916
42406807
42407104
42409325
42412017
42415043
42415624
42415811
42417579
42420037
42420674
42422279
42422317
42422320
42424486
42425543
42425886
42426343
42426955
42430256
42431695
42432474
42432475
42438111
42438189
42439511
42439682
42439941
42447608
42447611
42450235
42450264
42450268
42450284
42450298
42450312
42450327
42453277
42453295
42453331
42454904
42454912
42454913
42456360
42456902
42458944
42462694
42468602
42471993
42515260
42519298
42534107
42534108
42541148
42541220
42543153
42544927
42547627
42550857
42550875
42552743
42554325
42554514
42555595
42555819
42555835
42556455
42556651
42557388
42557573
42558729
42558779
42558943
42559590
42576621
42576677
42576731
42576751
42576869
42583282
42583298
42583301
42583306
42583327
42584607
42596275
42597278
42598589
42598603
42600110
42600595
42601041
42601265
42603785
42603940
42606767
42606777
42606781
42606788
42606834
42606847
42606853
42607075
42607088
42608419
42608420
42608434
42609436
42609444
42609446
42609470
42609471
42609477
42609493
42611756
42615130
42617479
42617491
42617496
42617499
42617560
42618252
42618285
42618510
42619035
42624599
42625062
42625285
42625302
42625668
42626191
42626605
42631701
42631747
42631759
42636544
42636545
42638712
42638736
42638739
42638740
42638763
42638778
42639606
42643146
42643153
42643182
42643183
42643221
42643222
42643548
42644911
42645411
42645758
42647378
42659755
42659819
42660765
42683707
42683881
42684034
42685532
42686238
42687843
42689270
42691274
42694628
42694960
42706566
42711617
42712090
42712483
42713566
42714426
42715108
42716159
42716695
42717520
42721253
42722214
42722236
42722263
42722294
42722308
42723239
42723893
42723912
42726052
42728470
42731961
42732975
42732984
42733195
42736197
42736202
42736218
42736233
42736874
42737612
42737614
42737621
42737626
42737630
42737634
42740345
42740774
42746398
42746728
42753404
42755490
42755604
42757960
42765614
42775262
42777529
42785642
42795082
42800636
42811372
42819440
42824786
42826329
42828749
42829828
42831855
42831874
42831888
42831903
42831937
43291650
43295143
43295169
43295206
43295238
43296575
43296624
43296672
43297515
43298273
43302285
43302343
43302986
43310587
43321915
43329222
43334740
43335365
43337935
43344855
43376103
43376825
43378312
43390233
43395604
43416334
43423644
43423718
43430508
43431939
43439622
43439657
43439763
43442874
43443511
50004197
50004202
50004206
50004208
50004209
50004373
50004724
50004726
50004941
50004984
50006152
50006166
50006168
50010622
50010626
50010629
50010635
50010647
50012316
50012322
50012342
50012367
50012386
50012390
50012594
50012595
50012596
50012628
50012629
50013142
50013146
50013172
50013173
50013506
50013925
50014107
50032858
50033209
50037366
50037367
50037372
50037375
50037376
50037378
50037382
50037391
50037403
50037404
50037406
50037408
50037410
50037412
50037417
50037419
50037421
50037425
50037428
50037433
50037437
50037444
50037445
50037447
50037451
50037453
50037461
50037467
50037468
50037469
50037473
50037474
50037475
50037479
50037482
50037483
50037484
50037485
50043510
50043542
50043613
50043657
50043669
50043689
50043696
50043711
50043715
50043725
50043726
50043740
50043755
50043775
50043782
50043818
50043844
50043875
50043884
50043899
50043907
50043928
50043937
50043939
50043942
50043947
50043954
50043955
50044001
50044005
50044010
50044014
50044019
50044035
50044060
50044061
50044063
50044076
50044088
50046151
50046169
50057340
50057344
50057576
50064653
50064664
50064690
50064701
50064710
50064716
50064721
50064723
50064724
50064727
50064732
50064742
50064749
50064770
50064780
50064783
50064793
50064802
50064803
50064814
50064817
50064820
50064821
50064836
50064839
50064844
50064875
50064882
50064883
50064912
50064915
50064922
50064923
50064933
50064935
50064941
50064944
50064954
50064958
50064959
50064971
50064974
50064988
50065000
50065001
50065004
50065016
50065032
50065042
50065045
50065052
50065053
50065059
50065069
50065078
50065079
50065080
50065089
50065095
50065115
50065133
50065137
50065142
50065147
50065156
50065157
50065162
50065167
50065169
50065175
50065179
50065181
50065193
50065204
50065208
50065211
50065219
50065222
50065223
50065232
50065234
50065245
50065246
50065254
50065257
50065263
50065264
50065266
50065269
50065274
50065279
50065288
50065289
50065293
50065301
50065308
50065329
50065337
50065344
50065349
50065352
50065355
50065356
50065357
50065359
50065361
50065363
50065375
50065384
50065385
50065389
50065394
50065398
50065409
50065414
50065419
50065428
50065429
50065433
50065434
50065443
50065457
50065482
50065500
50065510
60008830
60008831
60008832
60008835
60008836
60008837
60008838
60008841
60008843
60008844
60008845
60008894
60008898
60009191
60009192
60009193
60009194
60009195
60009196
60009198
60009233
60009237
60009361
60009625
60009639
60009640
60009649
60009650
60009899
60009929
60009936
60011550
60011551
60011552
60011553
60011555
60011556
60011722
60011724
60011725
60011726
60011727
60011730
60011731
60011732
60011733
60011736
60011739
60011740
60011741
60011745
60011752
60011757
60011762
60011763
60011767
60011769
60011770
60011772
60011773
60011774
60011779
60011820
60011821
60011822
60011823
60012355
60012395
60012398
60012422
60012427
60012430
60012433
60012436
60012437
60012438
60012439
60012441
60012442
60012444
60012449
60012451
60012452
60012454
60012455
60012456
60012458
60012459
60012460
60012461
60012462
60012463
60012465
60012467
60012468
60012469
60012470
60012472
60012473
60012474
60012477
60012787
60012814
60012815
60012817
60012834
60012851
60012855
60012865
60012867
60012868
60012869
60012870
60012873
60012874
60012875
60012876
60012877
60012880
60012970
60012978
60012979
