40558226
40558296
40558319
40558414
40558428
40558429
40558431
40558445
40558496
40558504
40558543
40558545
40558547
40558572
40558573
40558632
40558663
40558680
40558688
40558695
40558714
40558798
40558876
40558902
40558925
40558948
40558965
40559015
40559025
40559079
40559135
40559181
40559191
40559242
40559245
40559302
40559316
40559322
40559327
40559338
40559383
40559433
40559497
40559498
40559526
40559530
40559540
40559556
40559583
40559590
40559595
40559620
40559693
40559781
40559791
40559871
40559872
40559886
40559982
40559989
40560096
40560104
40560113
40560277
40560321
40560443
40560465
40560514
40560518
40560558
40560559
40560580
40560636
40560691
40560701
40560722
40560741
40560796
40560966
40561092
40606894
40606993
40606995
40609967
43165072
43165075
43165095
43165156
43165183
43165243
43165299
43165386
43165392
43165393
43165442
43165456
43165553
43165584
43165631
43165874
43165875
43165925
43165992
43166101
43166131
43166156
43166200
43166215
43166263
43166290
43166304
43166321
43166344
43166355
43166412
43166414
43166415
43166476
43166526
43166564
43166573
43166664
43166704
43166750
43166847
43166883
43179902
43179915
43179929
43179933
43179942
43179955
43179958
43179967
43179976
43179989
43180022
43180034
43180067
43180072
43180079
43180088
43180097
43180107
43180109
43180111
43180158
43180172
43180182
43180187
43180189
43180199
43180208
43180209
43180210
43180243
43180246
43180343
43180408
43180425
43180483
43180489
43180495
43180499
43180500
43180514
43180518
43180613
43180715
43180917
43181814
43181873
43181940
43182075
43182097
43182304
43182346
43183325
43183490
43183716
43184652
43186696
43188753
43189691
43190719
43190757
43190782
43190809
43190834
43190843
43193469
43193470
43193527
43193582
43193599
43194538
43200951
43200967
43200976
43200986
43201003
43201010
43201014
43202325
43202763
43203360
43206369
43210367
43210375
43213830
43219075
43219096
43227441
43227465
43227470
43227485
43227488
43228568
43228569
43229522
43230562
43231384
43232541
43233411
43233417
43233458
43239125
43240778
50005136
50005138
50005229
50005324
50005360
50005367
50005369
50005374
50005384
50005644
50005645
50005765
50011734
50011754
50011756
50011760
50011761
50011768
50011769
50011770
50011773
50011776
50011781
50011799
50011808
50012673
50012674
50012676
50012677
50013131
50013132
50013189
50013190
50014200
50014204
50014219
50014231
50014232
50014247
50014257
50014329
50014338
50014351
50014356
50014365
50014393
50014395
50014432
50014475
50014489
50014493
50014497
50014520
50014522
50014524
50014570
50014571
50014579
50014623
50014646
50014655
50014682
50014687
50014699
50014701
50014713
50014720
50014739
50014745
50014773
50014778
50014787
50014825
50014848
50014859
50014873
50014881
50014937
50014949
50014963
50014980
50014992
50015007
50015015
50015072
50015089
50015121
50015137
50015217
50015229
50015273
50015274
50015276
50015285
50015296
50015330
50015343
50015354
50015358
50015380
50015404
50015418
50015447
50015449
50015453
50015454
50015456
50015459
50015478
50015529
50015534
50015538
50015578
50015589
50015643
50015660
50015664
50015678
50015681
50015698
50015710
50015729
50015739
50015775
50015797
50015815
50015819
50015831
50015835
50015860
50015937
50036349
50036354
50036361
50036364
50036375
50036376
50036382
50036383
50036413
50036417
50037682
50037718
50037724
50037726
50037761
50037769
50037876
50037878
50037896
50037925
50037958
50037961
50037967
50038012
50038022
50038023
50038046
50038047
50038081
50038086
50038147
50038161
50038167
50038174
50038182
50038216
50038234
50038279
50038280
50038299
50038305
50038308
50045115
50046724
50046725
50046726
50046727
50046729
50046730
50046731
50046732
50046733
50046734
50046737
50046739
50046740
50046741
50046743
50046744
50046745
50046746
50046747
50046750
50046751
50046753
50046756
50046757
50046758
50046759
50046760
50046761
50046764
50046765
50046768
50046769
50046771
50046772
50046775
50046777
50046778
50046779
50046781
50046782
50055117
50055118
50055119
50055120
50055122
50055123
50055124
50055125
50055126
50055127
50055128
50055160
50055161
50055162
50055163
50055164
50055165
50055166
50055168
50055169
50055170
50055195
50055196
50055197
50055200
50055201
50055202
50055203
50055204
50055205
50055206
50055207
50055208
50055209
50055210
50055251
50055252
50055254
50055257
50055258
50055259
50055260
50055261
50055262
50055265
50056935
50056936
50056937
50056938
50056939
50056952
50056953
50056954
50056956
50056957
50057612
50057648
50057654
50057655
50057657
50057659
50057660
50057665
50057670
50057710
50057716
50057718
50057722
50057725
50057737
50057740
50057742
50057752
50057774
50057778
50057783
50057795
50057806
50057821
50057828
50057845
50057847
50057863
50057864
50057872
50057876
50057880
50057881
50057886
50057888
50057891
50057920
50057927
50057930
50057935
50057949
50057951
50057952
50057962
50057963
50057975
50057979
50057981
50057983
50057987
50057992
50057996
50058001
50058009
50058025
50058029
50058054
50058069
50058078
50058096
50058097
50058102
50058105
50058139
50058140
50058143
50058163
50058168
50058173
50058175
50058187
50058188
50058189
50058195
50058208
50058217
50058235
50058238
50067256
60002201
60002220
60002222
60002227
60002228
60002229
60002230
60002231
60002232
60002233
60002234
60002236
60002239
60002241
60002246
60002251
60002254
60002256
60002257
60002258
60002259
60002262
60002263
60002267
60002270
60002272
60002273
60002489
60002490
60002491
60002492
60002493
60002494
60002495
60002497
60002498
60002499
60002716
60002718
60002721
60002722
60002723
60002724
60002725
60002728
60002730
60002731
60002732
60002735
60002736
60002738
60002741
60002742
60002744
60002746
60002747
60002748
60002749
60002750
60002753
60002754
60002758
60002761
60002762
60002763
60002764
60002765
60002767
60002771
60002772
60002773
60002774
60002779
60002783
60002786
60002787
60002788
60002791
60002793
60002794
60002795
60002796
60002797
60002798
60002800
60002801
60002802
60002803
60002804
60002806
60002808
60002809
60002810
60002811
60002812
60002814
60002815
60002816
60002817
60002819
60002820
60002821
60002822
60002823
60002824
60002826
60002827
60002828
60002829
60002831
60002840
60002847
60002884
60002885
60002886
60002888
60002889
60002890
60002891
60003141
60003145
60003146
60003149
60003150
60003152
60003155
60003156
60003157
60003159
60003161
60003163
60003168
60003169
60003179
60003181
60003182
60003183
60003185
60003186
60003309
60003312
60003316
60003319
60003320
60003326
60003329
60003330
