40020580
40020599
40020610
40020623
40020664
40020684
40020712
40020723
40020735
40020742
40020747
40020753
40020770
40020780
40020789
40020821
40020824
40020830
40020839
40020841
40020849
40020855
40020869
40020872
40020880
40020890
40020897
40020906
40020912
40020915
40020919
40020936
40020940
40020944
40020950
40020955
40020978
40020984
40020985
40020994
40020996
40021006
40021010
40021016
40021018
40021023
40021047
40021059
40021067
40021069
40021082
40021085
40021089
40021099
40021114
40021115
40021116
40021144
40021155
40021160
40021162
40021164
40021169
40021175
40021184
40021200
40021213
40021225
40021231
40021233
40021244
40021263
40021265
40021266
40021274
40021286
40021301
40021306
40021310
40021312
40021320
40021321
40021324
40021326
40021328
40021329
40021330
40021335
40021341
40021343
40021344
40021346
40021375
40021376
40021390
40021399
40021411
40021414
40021421
40021428
40021433
40021439
40021466
40021471
40021478
40021486
40021487
40021492
40021494
40021495
40021505
40021508
40021511
40021518
40021541
40021557
40021565
40021566
40021567
40021571
40021579
40021602
40021608
40021623
40021628
40021629
40021637
40021638
40021643
40021645
40021659
40021680
40021690
40021692
40021703
40021708
40021735
40021746
40021747
40021757
40021761
40021765
40021766
40021777
40021779
40021815
40021817
40021820
40021829
40021837
40021855
40021872
40021883
40021886
40021895
40021899
40021909
40021920
40021922
40021933
40021937
40021938
40021955
40021963
40021969
40021971
40021986
40021988
40021989
40021991
40021996
40022000
40022004
40022012
40022018
40022026
40022035
40022045
40022059
40022060
40022085
40022086
40022101
40022103
40022105
40022127
40022140
40022146
40022148
40022152
40022160
40022165
40022179
40022206
40022218
40022229
40022252
40022260
40022268
40022285
40022292
40022327
40022331
40022335
40022336
40022343
40022353
40022366
40022382
40022400
40022413
40022423
40022432
40022437
40022439
40022448
40022459
40022460
40022492
40022493
40022495
40022496
40022497
40022510
40022523
40022529
40022530
40022544
40022551
40022588
40022612
40022617
40022622
40022640
40022643
40022657
40022663
40022672
40022688
40022694
40022700
40022702
40022704
40022732
40022735
40022736
40022742
40022743
40022750
40022756
40022766
40022770
40022777
40022787
40022790
40022792
40022795
40022796
40022798
40022802
40022805
40022815
40022821
40022841
40022844
40022853
40022864
40022865
40022866
40022879
40022880
40022882
40022908
40022921
40022926
40022934
40022946
40022948
40022956
40022993
40022994
40022996
40023006
40023008
40023010
40023012
40023020
40023022
40023027
40023040
40023046
40023056
40023064
40023065
40023069
40023072
40023084
40023100
40023110
40023113
40023116
40023133
40023139
40023148
40023149
40023150
40023205
40023216
40023222
40023234
40023245
40023249
40023267
40023277
40023278
40023322
40023324
40023326
40023351
40023355
40023369
40023381
40023384
40023388
40023393
40023400
40023402
40023406
40023411
40023412
40023417
40023421
40023430
40023435
40023441
40023442
40023464
40023466
40023470
40023478
40023483
40023495
40023496
40023502
40023513
40023525
40023544
40023567
40023568
40023570
40023573
40023595
40023598
40023608
40023609
40023610
40023618
40023638
40023639
40023641
40023644
40023645
40023653
40023660
40023696
40023701
40023712
40023716
40023718
40023728
40023738
40023740
40023741
40023754
40023762
40023777
40023778
40023784
40023800
40023803
40023814
40023818
40023825
40023848
40023858
40023886
40023894
40023908
40023919
40023929
40023936
40023947
40023948
40023949
40023953
40023962
40023967
40023969
40023979
40023980
40024016
40024027
40024037
40024040
40024044
40024046
40024050
40024067
40024075
40024078
40024081
40024096
40024099
40024107
40024109
40024112
40024129
40024146
40024149
40024150
40024159
40024173
40024203
40024208
40024211
40024215
40024229
40024236
40024237
40024240
40024258
40024261
40024286
40024315
40024318
40024325
40024326
40024352
40024360
40024361
40024366
40024370
40024379
40024398
40024407
40024418
40024420
40024439
40024446
40024448
40024451
40024452
40024454
40024455
40024461
40024477
40024489
40024492
40024493
40024501
40024523
40024528
40024536
40024544
40024594
40024597
40024601
40024603
40024610
40024623
40024628
40024633
40024645
40024663
40024672
40024684
40024687
40024702
40024735
40024736
40024748
40024749
40024756
40024783
40024812
40024828
40024830
40024837
40024840
40024847
40024848
40024862
40024868
40024874
40024885
40024892
40024914
40024921
40024937
40024959
40024986
40024996
40024997
40025003
40025020
40025021
40025063
40025065
40025074
40025077
40025098
40025121
40025127
40025159
40025165
40025168
40025184
40025230
40025234
40025246
40025250
40034928
40034971
40034983
40035004
40035012
40035017
40035042
40035057
40035061
40035086
40035087
40035114
40035115
40035126
40035127
40035138
40035140
40035173
40035175
40035177
40035190
40035202
40035230
40035239
40035257
40035265
40035276
40035283
40035295
40035296
40035305
40035306
40035324
40035328
40035338
40035347
40035352
40035368
40035382
40035392
40035416
40035430
40035443
40035449
40035450
40035451
40035457
40035460
40035464
40035467
40035477
40035482
40035491
40035494
40035496
40035526
40035532
40035551
40035585
40035595
40035624
40035631
40035636
40035643
40035676
40035677
40035712
40035730
40035742
40035748
40035756
40035757
40035772
40035774
40035776
40035799
40035804
40035820
40035825
40035860
40035863
40035890
40035892
40035906
40035912
40035913
40035918
40035921
40035929
40035934
40035944
40035979
40035981
40035985
40035988
40036049
40036052
40036075
40036077
40042095
40042135
40042137
40042172
40042199
40042202
40042247
40042254
40042255
40042259
40042271
40042306
40042328
40042345
40042360
40042369
40042374
40042376
40042380
40042393
40042399
40042400
40042406
40042408
40042410
40042423
40042445
40042448
40042491
40042507
40042551
40042562
40042595
40042598
40042636
40042701
40042704
40042723
40042727
40042755
40042758
40042764
40042770
40042791
40042793
40042794
40042796
40042800
40042805
40042825
40042827
40042830
40042837
40042873
40042877
40042912
40042917
40042921
40042930
40042935
40042939
40068447
40068471
40068587
40068606
40068609
40068630
40068668
40068688
40068707
40068735
40068746
40068751
40068769
40068787
40068796
40068797
40068807
40068808
40068814
40068823
40068828
40068831
40068858
40068875
40068887
40068935
40068940
40068948
40068995
40069031
40069039
40069044
40069061
40069063
40069073
40069082
40069090
40069102
40069111
40069112
40069139
40069145
40069147
40069164
40069175
40069179
40069192
40069196
40069236
40069253
40069279
40069307
40069318
40069339
40069357
40069379
40069426
40069429
40069431
40069438
40069473
40069485
40069499
40069512
40069524
40069529
40069546
40069547
40069562
40069571
40069578
40069581
40069598
40069610
40069633
40069637
40069641
40069675
40069685
40069686
40069694
40069713
40069754
40069761
40069781
40069794
40069803
40069810
40069818
40069824
40069838
40069844
40069846
40069861
40069879
40069883
40069888
40069892
40069898
40069906
40069928
40069945
40069957
40069964
40069965
40069983
40069995
40069996
40069997
40070001
40070003
40070018
40070032
40070043
40070045
40070055
40070061
40070099
40070140
40070154
40070169
40070171
40070175
40070178
40070180
40070199
40070220
40070222
40070232
40070248
40070289
40070295
40070301
40070302
40070310
40070317
40070320
40070324
40070387
40070393
40070394
40070408
40070428
40070429
40070446
40070459
40070471
40070472
40070478
40070533
40070534
40070536
40070539
40070540
40070559
40070560
40070610
40070614
40070616
40070623
40070626
40070630
40070642
40070646
40070647
40070648
40070655
40070663
40070676
40070695
40070719
40070723
40070732
40070744
40070745
40070753
40070786
40070791
40070829
40070830
40070831
40070869
40070879
40070880
40070901
40070904
40070916
40070917
40070952
40070975
40070978
40070982
40070990
40070995
40071015
40071017
40071018
40071044
40071056
40071060
40071073
40071078
40071097
40071102
40071113
40071140
40071200
40071233
40071235
40071273
40071292
40071302
40071306
40071313
40071319
40071374
40071388
40071404
40071406
40071410
40071428
40071429
40071460
40071479
40071483
40071490
40071499
40071502
40071518
40071539
40071541
40071601
40071612
40071620
40071635
40071653
40071662
40071685
40071702
40071709
40071718
40071721
40071722
40071767
40071770
40071787
40071794
40071795
40071814
40071815
40071816
40071818
40071836
40071839
40071915
40071919
40071950
40071989
40071994
40072007
40072008
40072009
40072035
40072065
40072067
40072072
40072084
40072096
40072102
40072148
40072162
40072173
40072193
40072206
40072207
40072208
40072210
40072227
40072236
40072267
40072284
40072285
40072295
40072304
40072305
40072334
40072363
40072370
40072371
40072388
40072407
40072425
40072433
40072434
40072450
40072453
40072458
40072473
40072480
40072481
40072496
40072503
40072510
40072520
40072539
40072544
40072547
40072562
40072571
40072617
40072627
40072635
40072652
40072682
40072698
40072715
40072716
40072723
40072725
40072734
40072736
40072755
40072759
40072796
40072819
40072824
40072829
40072830
40072835
40072845
40072885
40072890
40072893
40072898
40072912
40072958
40072975
40072992
40073033
40073042
40073045
40073059
40073074
40073076
40073077
40073095
40073114
40073132
40073146
40073153
40073185
40073186
40073219
40073257
40073261
40073262
40073267
40073279
40073306
40073308
40073318
40073321
40073339
40073379
40073417
40073430
40073433
40073441
40073447
40073449
40073451
40073469
40073484
40073491
40073501
40073538
40073557
40073566
40073598
40073610
40073623
40073652
40073656
40073666
40073673
40073679
40073724
40073732
40073755
40073775
40073794
40073800
40073802
40073825
40073831
40073844
40073857
40073887
40074016
40074176
40074346
40085860
40085906
40085978
40086001
40086043
40086048
40086055
40086102
40086111
40086142
40086146
40086157
40086177
40086296
40086315
40086317
40086329
40086342
40086377
40086380
40086431
40086447
40086455
40086467
40086486
40086503
40086518
40086545
40086594
40086605
40086617
40086671
40086680
40086716
40086733
40086797
40086802
40086812
40086840
40086851
40086886
40086924
40086943
40086960
40086969
40086986
40087097
40087102
40087124
40087131
40087134
40092916
40092947
40092977
40092989
40092997
40093012
40093017
40093052
40093056
40093103
40093108
40093149
40093150
40093156
40093168
40093220
40093222
40093230
40093277
40093281
40093307
40093332
40093337
40093338
40093355
40093387
40093408
40093425
40093435
40093451
40093470
40093471
40093474
40093493
40093534
40093547
40093559
40098837
40098843
40098851
40098889
40098899
40099027
40099029
40099219
40099220
40099234
40099357
40099383
40099410
40099439
40099440
40099446
40099480
40099517
40103291
40103324
40103337
40103345
40103451
40103510
40103583
40103586
40107266
40107277
40107297
40107318
40107360
40107493
40107539
40107565
40110709
40110854
40110872
40110915
40110925
40110929
40110941
40110973
40110996
40113844
40113883
40113987
40114015
40114036
40114043
40114071
40114094
40114136
40122758
40122896
40122907
40125785
40132232
40137603
40137735
40137740
40139892
40139968
40142409
40145115
40147712
40152733
40152795
40155590
40155591
40155592
40156142
40156150
40156155
40156160
40156178
40156196
40156206
40156211
40156221
40156229
40156231
40156236
40156240
40156268
40156283
40156288
40156307
40156308
40156315
40156330
40156339
40156347
40156378
40156387
40156422
40156424
40156431
40156438
40156442
40158614
40158620
40158653
40158683
40158702
40158727
40160877
40160912
40160963
40160968
40165179
40165198
40165203
40165211
40165220
40165228
40165232
40165242
40165250
40165251
40165278
40165280
40165284
40165293
40165303
40165317
40165324
40165357
40165376
40165402
40165429
40165434
40165453
40165463
40165470
40165478
40165490
40165516
40165517
40165526
40165529
40165534
40165535
40165540
40165541
40165553
40165565
40165580
40165581
40165591
40165593
40165602
40165605
40165624
40165649
40165666
40165667
40165669
40165671
40165680
40165695
40165697
40165719
40165720
40165721
40165774
40165791
40165794
40165810
40165812
40165816
40165863
40165887
40170688
40170710
40170774
40170899
40170965
40170989
40171013
40171032
40171039
40175267
40175396
40175496
40178701
40178952
40179020
40181921
40182133
40182200
40185014
40185338
40185354
40188263
40188301
40188353
40188361
40188366
40191335
40191447
40191452
40191504
40194468
40197671
40197797
40197819
40200244
40200365
40200391
40203070
40206032
40206179
40206253
40206351
40211777
40211779
40211889
40211910
40211966
40211986
40211999
40212269
40214342
40214523
40214527
40216781
40216863
40216912
40219120
40222666
40225776
40228628
40228773
40234559
40235184
40237541
40240509
40243112
40247358
40254272
40254324
40254502
40256977
40263645
40263657
40265776
40268222
40273665
40276352
40292529
40305509
40311542
40311556
40311725
40316757
40316775
40320850
40336750
40356339
40356581
40359021
40361706
40363728
40367787
40369686
40371538
40371746
40375281
40379036
40381128
40444786
40447079
40458530
40480315
40483819
40487565
40487688
40634984
40634985
40635004
40635009
40635015
40635059
40635072
40635534
40635557
40635560
40635598
40635611
40635643
40635710
42056378
42749893
42750890
42750945
42750981
42751014
42751032
42751075
42752016
42752027
42752030
42752037
42752038
42752042
42752044
42752045
42752047
42752050
42752061
42752062
42752063
42752076
42752080
42752083
42752092
42752093
42752097
42752098
42752100
42752107
42752113
42752124
42752133
42752136
42752143
42752145
42752150
42752151
42752152
42752153
42752156
42752157
42752159
42752166
42752170
42752173
42752174
42752175
42752177
42752180
42752185
42752187
42752188
42752191
42752193
42752197
42752198
42752201
42752208
42752210
42752212
42752213
42752216
42752217
42752229
42752237
42752240
42752244
42752247
42752249
42752255
42752264
42752265
42752269
42752272
42752276
42752277
42752282
42752284
42752285
42752286
42752289
42752293
42752299
42752305
42752312
42752314
42752317
42752319
42752322
42752323
42752327
42753429
42753462
42753488
42753489
42753499
42753513
42753571
42754537
42754629
42755614
42755794
42756894
42757971
42758021
42762429
42762488
42762652
42765675
42776107
42776137
42778483
42780762
42792562
42801793
42810807
42812608
42814390
42814420
42815250
42817340
42825602
42826414
42828082
42828761
42829972
42831907
42831954
42831973
42832962
42832967
43289909
43293791
43299003
43301672
43305695
43312961
43328661
43358370
43374007
43439815
43439888
50000188
50000961
50012307
50012324
50012346
50012349
50013115
50013116
50013118
50013121
50013125
50013127
50013128
50013349
50013350
50013351
50013352
50013452
50013926
50013938
50014177
50031987
50032114
50032124
50032174
50032303
50032329
50032397
50032413
50032425
50032476
50032477
50032506
50032626
50032639
50032782
50032783
50033186
50033380
50033754
50037369
50037370
50037374
50037379
50037384
50037387
50037388
50037394
50037396
50037397
50037398
50037418
50037420
50037423
50037434
50037439
50037441
50037448
50037450
50037480
50037481
50043523
50043532
50043545
50043552
50043580
50043605
50043607
50043619
50043629
50043662
50043668
50043677
50043686
50043709
50043724
50043731
50043737
50043753
50043787
50043801
50043833
50043838
50043851
50043852
50043854
50043871
50043873
50043889
50043929
50043935
50043951
50043959
50043963
50043976
50043977
50043978
50043985
50044003
50044052
50044073
50044092
50054801
50054887
50054892
50055050
50055055
50055056
50055064
50055065
50055072
50056776
50056777
50056778
50056779
50056813
50056819
50056822
50056840
50056869
50057599
50064628
50064635
50064638
50064644
50064660
50064662
50064665
50064673
50064679
50064680
50064681
50064682
50064687
50064696
50064715
50064717
50064720
50064722
50064731
50064733
50064740
50064747
50064758
50064761
50064765
50064769
50064777
50064779
50064795
50064796
50064823
50064825
50064833
50064852
50064855
50064857
50064862
50064872
50064877
50064880
50064881
50064885
50064898
50064909
50064913
50064926
50064927
50064934
50064937
50064942
50064949
50064950
50064964
50064969
50064972
50064977
50064987
50064989
50065005
50065018
50065019
50065029
50065031
50065033
50065040
50065068
50065074
50065093
50065094
50065097
50065099
50065105
50065107
50065111
50065112
50065113
50065119
50065130
50065146
50065148
50065154
50065160
50065164
50065166
50065178
50065185
50065191
50065206
50065224
50065243
50065247
50065249
50065251
50065253
50065258
50065259
50065268
50065283
50065299
50065305
50065313
50065317
50065318
50065323
50065334
50065335
50065341
50065362
50065367
50065380
50065393
50065402
50065403
50065411
50065445
50065460
50065472
50065491
50065507
60007088
60007089
60007101
60007102
60007103
60007108
60007109
60007126
60007129
60007133
60007136
60007144
60007147
60007150
60007152
60007175
60007446
60007454
60007457
60007458
60007464
60007470
60010314
60010318
60010319
60010322
60010325
60010326
60010327
60010328
60010331
60010334
60010340
60010422
60010434
60010438
60010439
60010441
60010444
60010445
60010446
60010447
60010453
60010459
60010462
60010463
60010464
60010470
60010472
60010473
60010474
60010475
60010477
60010478
60010479
60010480
60010481
60010483
60010484
60010485
60010488
60010490
60010492
60010493
60010496
60010497
60010499
60010502
60010503
60010504
60010505
60010533
60010534
60010576
60010579
60010604
60010606
60010608
60010618
60010628
60010634
60010642
