40558100
40558101
40558163
40558168
40558170
40558177
40558186
40558189
40558202
40558211
40558236
40558238
40558241
40558284
40558309
40558321
40558328
40558332
40558342
40558343
40558354
40558401
40558406
40558415
40558416
40558430
40558446
40558454
40558455
40558472
40558485
40558495
40558503
40558505
40558518
40558533
40558571
40558601
40558603
40558616
40558622
40558629
40558641
40558644
40558654
40558693
40558694
40558700
40558763
40558769
40558787
40558788
40558803
40558810
40558822
40558828
40558849
40558854
40558877
40558886
40558898
40558930
40558931
40558981
40558982
40558983
40558988
40558989
40559013
40559035
40559058
40559069
40559120
40559138
40559141
40559149
40559170
40559185
40559190
40559197
40559202
40559213
40559222
40559266
40559268
40559276
40559291
40559292
40559311
40559317
40559342
40559348
40559363
40559411
40559420
40559422
40559425
40559440
40559441
40559443
40559445
40559455
40559464
40559465
40559476
40559491
40559510
40559517
40559538
40559539
40559549
40559573
40559581
40559592
40559597
40559608
40559616
40559617
40559618
40559621
40559652
40559659
40559661
40559662
40559718
40559740
40559743
40559771
40559793
40559800
40559808
40559825
40559844
40559880
40559887
40559888
40559911
40559918
40559931
40559947
40559959
40559963
40559981
40559994
40559996
40560005
40560006
40560009
40560041
40560048
40560050
40560068
40560076
40560095
40560110
40560111
40560125
40560126
40560131
40560132
40560138
40560149
40560150
40560151
40560152
40560165
40560189
40560201
40560205
40560225
40560238
40560262
40560279
40560297
40560298
40560338
40560341
40560356
40560379
40560381
40560391
40560418
40560428
40560430
40560445
40560455
40560467
40560489
40560504
40560505
40560508
40560522
40560531
40560586
40560587
40560588
40560604
40560605
40560617
40560624
40560625
40560630
40560653
40560654
40560687
40560688
40560690
40560700
40560705
40560724
40560726
40560752
40560767
40560768
40560794
40560795
40560810
40560849
40560850
40560851
40560853
40560863
40560865
40560868
40560878
40560920
40560924
40561005
40561105
40602947
40602949
40606896
40606933
40606944
40606983
40606986
40607011
40612033
40612230
43053532
43086739
43165021
43165059
43165076
43165091
43165126
43165176
43165181
43165224
43165309
43165323
43165351
43165380
43165418
43165423
43165433
43165444
43165445
43165450
43165463
43165487
43165504
43165527
43165561
43165568
43165569
43165588
43165620
43165621
43165625
43165651
43165693
43165694
43165701
43165736
43165737
43165810
43165827
43165830
43165857
43165868
43165906
43165910
43165917
43165969
43165976
43165996
43166002
43166025
43166039
43166040
43166061
43166107
43166111
43166115
43166148
43166162
43166195
43166208
43166216
43166230
43166258
43166294
43166299
43166308
43166316
43166317
43166322
43166346
43166376
43166390
43166393
43166400
43166403
43166406
43166413
43166426
43166440
43166442
43166478
43166490
43166507
43166532
43166533
43166549
43166557
43166560
43166561
43166570
43166571
43166579
43166585
43166594
43166602
43166614
43166620
43166621
43166633
43166634
43166649
43166653
43166654
43166681
43166700
43166702
43166717
43166733
43166737
43166748
43166751
43166768
43166787
43166806
43166815
43166819
43166836
43166845
43166861
43166867
43166880
43166881
43166894
43166903
43166915
43166931
43166932
43166945
43166960
43166996
43167624
43179890
43179897
43179916
43179920
43179939
43179943
43179950
43179959
43179972
43179974
43179975
43179988
43179992
43179993
43180012
43180014
43180024
43180033
43180039
43180043
43180049
43180065
43180066
43180076
43180078
43180091
43180096
43180123
43180132
43180140
43180142
43180146
43180157
43180160
43180184
43180186
43180197
43180216
43180228
43180229
43180239
43180244
43180245
43180248
43180267
43180271
43180302
43180330
43180342
43180355
43180373
43180423
43180501
43180616
43180653
43180656
43180829
43180973
43181767
43181789
43181791
43181809
43181838
43181859
43181874
43181907
43181919
43181966
43181974
43181983
43181994
43182016
43182046
43182196
43182257
43182288
43182336
43183314
43183339
43183543
43184382
43184565
43184695
43184699
43184729
43185631
43185738
43185919
43186634
43186820
43186843
43186849
43187592
43187755
43188849
43189683
43189684
43190716
43190726
43190736
43190758
43190759
43190760
43190762
43190781
43190787
43190793
43190794
43190799
43190812
43190818
43190828
43190852
43190859
43190896
43190952
43191297
43192225
43193476
43194488
43196043
43196049
43196068
43197804
43198028
43200026
43200075
43200123
43200953
43200954
43200958
43200966
43200982
43200999
43201002
43201098
43201224
43201233
43202317
43202425
43203394
43204539
43204540
43204561
43205724
43206361
43206371
43206533
43206672
43207835
43208522
43208528
43208573
43208624
43210341
43210343
43210350
43210354
43210381
43211582
43211589
43211594
43211733
43212553
43212560
43212774
43213837
43213933
43215399
43215416
43219046
43219048
43219065
43219076
43219090
43219091
43219107
43219118
43219344
43222528
43224122
43224236
43224973
43225766
43225774
43225783
43227480
43227486
43227813
43229523
43231431
43233416
43233426
43233429
43233446
43233792
43234608
43235001
50001160
50001237
50001240
50001244
50001246
50001254
50001320
50001321
50001322
50001325
50001640
50001641
50001642
50001643
50001645
50001648
50001649
50001650
50001651
50001653
50001654
50001655
50001656
50001657
50001658
50001898
50002412
50002418
50002425
50002438
50002439
50002729
50002731
50002732
50002882
50002884
50002885
50002893
50003542
50003571
50003671
50003673
50003676
50003702
50003704
50003844
50003847
50003848
50003849
50003850
50003851
50003852
50003853
50003854
50003857
50003980
50003981
50003988
50003997
50003998
50003999
50004000
50004001
50004002
50004003
50004004
50006025
50010094
50010099
50010100
50010101
50010113
50010115
50010118
50010119
50010124
50010125
50010127
50010131
50010136
50010148
50010149
50010150
50010152
50010154
50010157
50010158
50010160
50010161
50010162
50010168
50010169
50010181
50010182
50010183
50010184
50010192
50010193
50010197
50010198
50010199
50010203
50010206
50010209
50010211
50010217
50010218
50010227
50010229
50010230
50010232
50010233
50010235
50010236
50010237
50010239
50010240
50010245
50010248
50010256
50010258
50010259
50010260
50010261
50010262
50010263
50010265
50010267
50010268
50010269
50010271
50010272
50010274
50010278
50010279
50010280
50010282
50010283
50010284
50010285
50010286
50010287
50010288
50010290
50010292
50010297
50010298
50010301
50010304
50010305
50010306
50010308
50010309
50010310
50010312
50010313
50010317
50010322
50010323
50010326
50010327
50010329
50010332
50010333
50010334
50010337
50010340
50010341
50010342
50010343
50010344
50010347
50010352
50010353
50010354
50010355
50010357
50010359
50010360
50010366
50010371
50010372
50010373
50010374
50010377
50010381
50010383
50010385
50010387
50010388
50010389
50010390
50010391
50010397
50010398
50010400
50010401
50010402
50010405
50010406
50010408
50010412
50010413
50010416
50010418
50010423
50010424
50010426
50010428
50010430
50010508
50010512
50010514
50010515
50010517
50010518
50010519
50010522
50010524
50010525
50010526
50010527
50010529
50010530
50010531
50010532
50010534
50010536
50010538
50010539
50010543
50010544
50010545
50010547
50010548
50010549
50010550
50010551
50010552
50010553
50010556
50010558
50010559
50010560
50010561
50010566
50010567
50010569
50010572
50011658
50011659
50011662
50011663
50011665
50011672
50011705
50011706
50011738
50011739
50011742
50011749
50011750
50011752
50011757
50011759
50011763
50011766
50011767
50011771
50011777
50011779
50011780
50011782
50011783
50011785
50011786
50011787
50011788
50011791
50011792
50011804
50011805
50011806
50011809
50011810
50011812
50011813
50011814
50012757
50012758
50012759
50012760
50012761
50012762
50012764
50012977
50012978
50012979
50012980
50012984
50012986
50012989
50012991
50012992
50012993
50013225
50013226
50013227
50013305
50013306
50013308
50013309
50013310
50013312
50013385
50013458
50013532
50013542
50014160
50014170
50014186
50014187
50014189
50014191
50014192
50014193
50014196
50014197
50014198
50014201
50014202
50014205
50014209
50014215
50014217
50014220
50014224
50014229
50014235
50014236
50014237
50014241
50014243
50014248
50014249
50014250
50014251
50014252
50014254
50014258
50014262
50014263
50014264
50014265
50014271
50014272
50014276
50014279
50014282
50014283
50014284
50014286
50014287
50014295
50014296
50014300
50014302
50014304
50014305
50014307
50014308
50014310
50014318
50014331
50014334
50014336
50014342
50014347
50014349
50014353
50014359
50014364
50014369
50014370
50014372
50014377
50014392
50014394
50014397
50014398
50014403
50014408
50014409
50014411
50014415
50014419
50014420
50014421
50014423
50014430
50014445
50014447
50014451
50014453
50014454
50014455
50014456
50014457
50014458
50014463
50014465
50014466
50014470
50014472
50014473
50014474
50014478
50014483
50014485
50014487
50014494
50014495
50014511
50014515
50014518
50014519
50014523
50014526
50014527
50014529
50014530
50014535
50014538
50014542
50014543
50014552
50014553
50014559
50014560
50014562
50014564
50014565
50014572
50014574
50014578
50014581
50014582
50014585
50014588
50014595
50014599
50014600
50014601
50014606
50014607
50014616
50014619
50014621
50014626
50014628
50014635
50014639
50014642
50014649
50014652
50014656
50014657
50014658
50014660
50014661
50014662
50014668
50014669
50014670
50014671
50014672
50014675
50014678
50014681
50014685
50014692
50014698
50014700
50014705
50014708
50014711
50014715
50014721
50014722
50014725
50014733
50014734
50014735
50014736
50014744
50014749
50014750
50014751
50014754
50014756
50014761
50014768
50014769
50014770
50014772
50014774
50014775
50014781
50014784
50014788
50014791
50014792
50014793
50014798
50014799
50014803
50014807
50014808
50014810
50014811
50014812
50014817
50014818
50014822
50014827
50014832
50014833
50014834
50014835
50014839
50014843
50014850
50014851
50014852
50014855
50014857
50014860
50014863
50014865
50014871
50014875
50014888
50014891
50014892
50014896
50014900
50014902
50014906
50014907
50014914
50014915
50014918
50014919
50014920
50014924
50014926
50014929
50014934
50014935
50014938
50014939
50014943
50014951
50014952
50014953
50014955
50014962
50014965
50014970
50014971
50014972
50014975
50014979
50014984
50014988
50014989
50014993
50015002
50015006
50015008
50015010
50015011
50015012
50015014
50015018
50015020
50015021
50015022
50015030
50015032
50015034
50015036
50015042
50015045
50015047
50015049
50015052
50015054
50015055
50015059
50015060
50015061
50015065
50015071
50015079
50015084
50015090
50015096
50015097
50015098
50015099
50015103
50015104
50015106
50015111
50015113
50015115
50015117
50015119
50015126
50015127
50015128
50015140
50015144
50015146
50015149
50015153
50015155
50015159
50015160
50015161
50015162
50015165
50015167
50015170
50015173
50015175
50015178
50015179
50015180
50015181
50015182
50015188
50015190
50015193
50015194
50015195
50015201
50015203
50015205
50015207
50015212
50015214
50015215
50015216
50015224
50015227
50015231
50015239
50015248
50015251
50015253
50015255
50015257
50015261
50015266
50015268
50015269
50015270
50015277
50015278
50015279
50015286
50015290
50015291
50015292
50015293
50015301
50015305
50015306
50015309
50015315
50015318
50015319
50015320
50015321
50015323
50015328
50015329
50015341
50015346
50015351
50015357
50015364
50015368
50015372
50015374
50015384
50015385
50015387
50015388
50015390
50015392
50015394
50015395
50015399
50015412
50015413
50015421
50015429
50015430
50015431
50015432
50015436
50015443
50015450
50015455
50015461
50015465
50015472
50015476
50015481
50015483
50015485
50015486
50015487
50015488
50015489
50015490
50015491
50015492
50015493
50015501
50015504
50015507
50015508
50015513
50015514
50015516
50015517
50015520
50015524
50015525
50015526
50015531
50015535
50015536
50015541
50015543
50015545
50015546
50015549
50015550
50015551
50015554
50015558
50015565
50015566
50015574
50015575
50015576
50015580
50015588
50015590
50015594
50015596
50015604
50015606
50015615
50015616
50015621
50015623
50015624
50015627
50015629
50015630
50015637
50015638
50015641
50015642
50015645
50015647
50015650
50015656
50015658
50015659
50015663
50015667
50015670
50015677
50015679
50015684
50015686
50015689
50015690
50015691
50015692
50015694
50015695
50015704
50015705
50015706
50015707
50015708
50015711
50015713
50015724
50015725
50015727
50015728
50015730
50015731
50015734
50015738
50015741
50015742
50015744
50015745
50015746
50015747
50015749
50015750
50015754
50015755
50015756
50015758
50015759
50015761
50015771
50015772
50015773
50015785
50015791
50015794
50015799
50015800
50015801
50015802
50015804
50015808
50015810
50015820
50015823
50015824
50015825
50015827
50015832
50015834
50015836
50015838
50015839
50015840
50015843
50015845
50015849
50015850
50015855
50015856
50015863
50015865
50015869
50015871
50015874
50015877
50015884
50015890
50015895
50015897
50015899
50015900
50015905
50015907
50015910
50015912
50015914
50015915
50015918
50015920
50015921
50015923
50015925
50015927
50015930
50015933
50015935
50015941
50015945
50015946
50015947
50036314
50036325
50036326
50036345
50036347
50036350
50036359
50036371
50036401
50036404
50036409
50036418
50037667
50037668
50037674
50037691
50037695
50037712
50037775
50037777
50037784
50037815
50037837
50037894
50038038
50038041
50038057
50038068
50038101
50038140
50038143
50038156
50038159
50038215
50038248
50038296
50045114
50048209
50048210
50048212
50048213
50048215
50048216
50048217
50048218
50048219
50048220
50048221
50048222
50048223
50048224
50048225
50048226
50048227
50048228
50048229
50048230
50048231
50048232
50048233
50048234
50048235
50048236
50048237
50048239
50048240
50048241
50048242
50048243
50048244
50048245
50048246
50048276
50048279
50048280
50048282
50048283
50048284
50048285
50048286
50048287
50048289
50048290
50048291
50048292
50048293
50048294
50048295
50048296
50048297
50048298
50048299
50048300
50048301
50048302
50048303
50048304
50048305
50048306
50048307
50048348
50048349
50048351
50048354
50048358
50048360
50048362
50048363
50048364
50048365
50048366
50048367
50048368
50048369
50048370
50048371
50048372
50048373
50048374
50048375
50048376
50048379
50048380
50048421
50048426
50048427
50048429
50048430
50048431
50048432
50048434
50048436
50048437
50048438
50048439
50048440
50048441
50048442
50052164
50052165
50052167
50052168
50052169
50052170
50052171
50052173
50052174
50052175
50052176
50052177
50052178
50052179
50052180
50052181
50052182
50052183
50052184
50052185
50052186
50052187
50052188
50052189
50052190
50052193
50052194
50052195
50052197
50052216
50052217
50052218
50052219
50052220
50052221
50052222
50052223
50052226
50052227
50052228
50052229
50052231
50052232
50052234
50052235
50052236
50052237
50052239
50052240
50052241
50052242
50052243
50052244
50052245
50052246
50052247
50052248
50052249
50052250
50052251
50052252
50052253
50052254
50052255
50052257
50052259
50052260
50052261
50052279
50052280
50052281
50052282
50052283
50052284
50052285
50052286
50052287
50052288
50052289
50052290
50052292
50052293
50052294
50052296
50052297
50052299
50052300
50052301
50052302
50052303
50052304
50052305
50052306
50052307
50052308
50052309
50052312
50052313
50052314
50052315
50052317
50052318
50052319
50052320
50052322
50052323
50052324
50052325
50052326
50052327
50052328
50052329
50052330
50052331
50052332
50052333
50052334
50052335
50052336
50052337
50052338
50052339
50052340
50052341
50052344
50052345
50052361
50052362
50052363
50052364
50052365
50052368
50052372
50052374
50052375
50052376
50052377
50052378
50052379
50052381
50052385
50052386
50052388
50052389
50052390
50052391
50052394
50052395
50052396
50052397
50052400
50052401
50052402
50052405
50052406
50052407
50052408
50052409
50052410
50052411
50052412
50052413
50052418
50052419
50052421
50052422
50052423
50052424
50052425
50052426
50052428
50052429
50052430
50052431
50052435
50052436
50052438
50055356
50056165
50056167
50056168
50056169
50056170
50056171
50056172
50056173
50056174
50056175
50056176
50056177
50056178
50056179
50056180
50056181
50056182
50056183
50056184
50056185
50056186
50056187
50056188
50056190
50056191
50056192
50056193
50056194
50056195
50056196
50056198
50056200
50056202
50056203
50056206
50056207
50056209
50056210
50056301
50056303
50056308
50056309
50056310
50056311
50056312
50056315
50056316
50056317
50056318
50056319
50056320
50056322
50056323
50056324
50056325
50056326
50056327
50056330
50056332
50056335
50056336
50057606
50057611
50057615
50057617
50057618
50057619
50057620
50057622
50057624
50057631
50057633
50057636
50057643
50057646
50057650
50057651
50057656
50057658
50057664
50057668
50057671
50057674
50057676
50057677
50057678
50057679
50057680
50057682
50057684
50057689
50057696
50057698
50057700
50057701
50057704
50057705
50057711
50057714
50057717
50057719
50057720
50057727
50057731
50057733
50057734
50057735
50057739
50057741
50057743
50057744
50057746
50057747
50057748
50057751
50057753
50057754
50057757
50057758
50057759
50057760
50057762
50057763
50057764
50057766
50057767
50057768
50057770
50057772
50057773
50057781
50057788
50057790
50057791
50057793
50057796
50057797
50057798
50057799
50057800
50057801
50057803
50057804
50057807
50057810
50057812
50057813
50057816
50057819
50057820
50057824
50057826
50057827
50057829
50057830
50057833
50057835
50057836
50057838
50057840
50057844
50057846
50057849
50057850
50057851
50057852
50057853
50057857
50057858
50057865
50057867
50057869
50057878
50057879
50057882
50057883
50057885
50057890
50057892
50057893
50057894
50057895
50057900
50057902
50057903
50057904
50057907
50057910
50057911
50057914
50057917
50057921
50057922
50057929
50057933
50057934
50057936
50057938
50057939
50057940
50057942
50057944
50057946
50057947
50057948
50057954
50057955
50057956
50057958
50057959
50057960
50057964
50057965
50057966
50057968
50057978
50057982
50057986
50057989
50057991
50057994
50057997
50057998
50058000
50058002
50058003
50058004
50058006
50058007
50058008
50058015
50058017
50058019
50058021
50058022
50058026
50058030
50058033
50058037
50058039
50058044
50058045
50058046
50058048
50058051
50058057
50058059
50058060
50058062
50058064
50058066
50058067
50058070
50058072
50058073
50058074
50058075
50058077
50058084
50058085
50058086
50058091
50058098
50058099
50058101
50058104
50058109
50058110
50058116
50058117
50058118
50058119
50058122
50058124
50058126
50058130
50058131
50058132
50058136
50058147
50058151
50058154
50058155
50058157
50058159
50058160
50058161
50058164
50058165
50058167
50058169
50058170
50058172
50058176
50058177
50058178
50058180
50058182
50058183
50058185
50058186
50058192
50058193
50058197
50058198
50058202
50058203
50058205
50058206
50058213
50058215
50058216
50058219
50058221
50058222
50058223
50058225
50058226
50058229
50058231
50058234
50058236
50058237
50058243
50058244
50058245
50058250
50067206
50067207
60000025
60000026
60000027
60000028
60000030
60000031
60000032
60000033
60000034
60000036
60000038
60000042
60000043
60000044
60000045
60000051
60000052
60000055
60000100
60000101
60000102
60000103
60000104
60000105
60000106
60000107
60000108
60000109
60000159
60000163
60000164
60000167
60000168
60000172
60000174
60000824
60000847
60000848
60000849
60000853
60000854
60000855
60000856
60000858
60000859
60000860
60000884
60000887
60000888
60000889
60000891
60000892
60000893
60000894
60000895
60000896
60000897
60000898
60000899
60000900
60000901
60000903
60000904
60000906
60000907
60000940
60000941
60000942
60000943
60001147
60001148
60001151
60001153
60001154
60001158
60001160
60001161
60001162
60001164
60001165
60001166
60001167
60001168
60001169
60001170
60001172
60001174
60001175
60001176
60001178
60001179
60001181
60001182
60001183
60001184
60001186
60001188
60001189
60001190
60001191
60001192
60001193
60001194
60001196
60001197
60001198
60001199
60001200
60001251
60001253
60001254
60001255
60001256
60001257
60001258
60001259
60001260
60001261
60001262
60001263
60001265
60001267
60001268
60001269
60001270
60001271
60001272
60001275
60001276
60001303
60001338
60001339
60001342
60001343
60001345
60001347
60001348
60001350
60001351
60001352
60001355
60001358
60001359
60001360
60001361
60001363
60001367
60001384
60001386
60001387
60001389
60001393
60001395
60001404
60001405
60001406
60001408
60001409
60001412
60001416
60001418
60001420
60001421
60001422
60001423
60001424
60001425
60001426
60001445
60001447
60001449
60001450
60001451
60001452
60001454
60001455
60001456
60001457
60001458
60001459
60001460
60001461
60001462
60001463
60001464
60001465
60001466
60001467
60001492
60001493
60001495
60001496
60001497
60001498
60001499
60001500
60001501
60001502
60001504
60001506
60001507
60001508
60001509
60001608
60001628
60001846
60001850
60001853
60001854
60001859
60001862
60001863
60001865
60001907
60001911
60001915
60001918
60001926
60001928
60001949
60001950
60001952
60001953
60001954
60001956
60001957
60001958
60001960
60001962
60001965
60001966
60001967
60001970
60001971
60001972
60002008
60002009
60002010
