40023231
40023235
40023259
40023274
40023301
40023304
40023311
40023313
40023329
40023359
40023376
40023389
40023397
40023420
40023424
40023431
40023444
40023465
40023471
40023475
40023481
40023482
40023512
40023519
40023521
40023522
40023523
40023533
40023536
40023542
40023550
40023565
40023574
40023578
40023579
40023586
40023603
40023607
40023616
40023619
40023624
40023629
40023631
40023640
40023643
40023646
40023649
40023665
40023676
40023677
40023679
40023680
40023684
40023686
40023690
40023691
40023692
40023695
40023698
40023703
40023707
40023715
40023721
40023724
40023725
40023729
40023733
40023734
40023737
40023739
40023752
40023755
40023757
40023765
40023766
40023770
40023774
40023775
40023776
40023780
40023795
40023796
40023797
40023811
40023812
40023816
40023821
40023833
40023844
40023846
40023849
40023850
40023853
40023856
40023857
40023861
40023862
40023869
40023873
40023874
40023875
40023881
40023882
40023884
40023888
40023889
40023890
40023899
40023901
40023902
40023903
40023905
40023906
40023907
40023909
40023911
40023912
40023914
40023918
40023920
40023921
40023924
40023930
40023935
40023938
40023941
40023945
40023951
40023952
40023955
40023956
40023957
40023958
40023959
40023965
40023973
40023977
40023982
40023984
40023987
40023989
40023991
40023992
40023994
40024005
40024012
40024015
40024020
40024028
40024030
40024032
40024035
40024045
40024048
40024055
40024056
40024058
40024063
40024066
40024080
40024085
40024086
40024092
40024094
40024095
40024100
40024105
40024106
40024110
40024118
40024124
40024127
40024130
40024135
40024137
40024141
40024142
40024143
40024145
40024151
40024157
40024161
40024162
40024163
40024164
40024166
40024172
40024174
40024177
40024181
40024182
40024184
40024185
40024189
40024193
40024195
40024199
40024200
40024204
40024206
40024213
40024216
40024223
40024230
40024245
40024248
40024250
40024253
40024254
40024255
40024256
40024263
40024265
40024266
40024268
40024269
40024270
40024271
40024272
40024275
40024279
40024280
40024282
40024283
40024287
40024288
40024289
40024295
40024298
40024299
40024301
40024304
40024307
40024311
40024313
40024320
40024322
40024323
40024324
40024329
40024334
40024341
40024342
40024345
40024349
40024353
40024357
40024359
40024367
40024371
40024373
40024375
40024376
40024378
40024393
40024394
40024397
40024400
40024403
40024405
40024411
40024412
40024413
40024423
40024424
40024427
40024428
40024429
40024430
40024432
40024434
40024437
40024449
40024457
40024458
40024469
40024471
40024480
40024482
40024485
40024486
40024503
40024504
40024505
40024509
40024513
40024514
40024518
40024519
40024520
40024526
40024533
40024539
40024548
40024554
40024555
40024556
40024557
40024561
40024562
40024563
40024565
40024566
40024568
40024571
40024578
40024580
40024581
40024583
40024589
40024592
40024600
40024607
40024608
40024609
40024617
40024619
40024620
40024627
40024652
40024658
40024665
40024666
40024667
40024668
40024670
40024673
40024675
40024677
40024678
40024681
40024683
40024686
40024688
40024693
40024695
40024696
40024710
40024716
40024717
40024718
40024719
40024727
40024728
40024729
40024730
40024732
40024746
40024747
40024752
40024753
40024754
40024757
40024771
40024772
40024780
40024782
40024784
40024785
40024791
40024792
40024801
40024804
40024809
40024814
40024816
40024817
40024818
40024819
40024820
40024824
40024825
40024827
40024843
40024852
40024853
40024856
40024869
40024870
40024871
40024872
40024877
40024880
40024886
40024888
40024893
40024896
40024897
40024898
40024901
40024904
40024905
40024912
40024918
40024922
40024924
40024925
40024936
40024938
40024942
40024946
40024947
40024948
40024954
40024958
40024962
40024963
40024965
40024966
40024969
40024971
40024974
40024975
40024977
40024980
40024982
40024983
40024984
40024992
40024993
40024995
40025000
40025001
40025011
40025013
40025014
40025016
40025018
40025022
40025024
40025026
40025029
40025031
40025034
40025035
40025043
40025045
40025047
40025050
40025052
40025054
40025055
40025069
40025072
40025073
40025081
40025082
40025085
40025087
40025089
40025091
40025092
40025095
40025102
40025103
40025104
40025105
40025109
40025118
40025122
40025125
40025126
40025128
40025129
40025133
40025136
40025143
40025146
40025148
40025152
40025153
40025160
40025161
40025162
40025163
40025164
40025170
40025173
40025177
40025178
40025179
40025182
40025188
40025189
40025194
40025197
40025201
40025203
40025206
40025210
40025213
40025217
40025223
40025237
40025239
40025242
40025243
40025247
40025251
40025253
40025262
40025266
40025269
40025270
40025271
40025274
40025275
40025277
40025278
40025281
40025282
40025284
40025292
40025296
40025297
40025298
40025300
40025302
40025303
40025305
40025306
40025311
40025312
40025324
40025334
40025339
40025343
40025344
40025345
40025346
40025355
40025356
40025359
40025364
40025367
40025368
40025373
40025376
40025377
40025379
40025382
40025385
40025390
40025392
40025400
40025406
40025412
40025414
40025415
40025418
40025423
40025424
40025429
40025430
40025431
40025433
40025435
40025443
40025444
40025445
40025447
40025465
40025468
40025473
40025475
40025480
40025481
40025496
40025500
40025504
40025505
40025508
40025510
40025511
40025520
40025521
40025522
40025527
40025537
40025538
40025539
40025540
40025541
40025551
40025554
40025559
40025561
40025563
40025564
40025569
40025570
40025572
40025573
40025574
40025578
40025579
40025583
40025585
40025590
40025591
40025598
40025603
40025610
40025611
40025616
40025619
40025626
40025632
40025633
40025634
40025635
40025642
40025648
40025649
40025650
40025651
40025652
40025655
40025659
40025660
40025661
40025665
40025668
40025671
40025677
40025678
40025679
40025680
40025685
40025686
40025688
40025689
40025698
40025699
40025703
40025705
40025706
40025711
40025718
40025719
40025732
40025743
40025746
40025750
40025754
40025760
40025763
40025765
40025769
40025772
40025773
40025775
40025777
40025778
40025779
40025793
40025804
40025808
40025810
40025818
40025825
40025832
40025833
40025834
40025846
40025848
40025850
40025852
40025854
40025855
40025858
40025860
40025865
40025869
40025870
40025871
40025873
40025876
40025877
40025879
40025882
40025886
40025890
40025894
40025896
40025898
40025899
40025913
40025919
40025926
40025927
40025932
40025933
40025938
40025942
40025943
40025951
40025954
40025955
40025958
40025962
40025970
40025971
40025979
40025981
40025983
40025986
40025988
40025992
40025993
40025994
40025996
40026000
40026001
40026002
40026005
40026007
40026013
40026023
40026024
40026030
40026031
40026036
40026038
40026044
40026049
40026050
40026051
40026053
40026057
40026058
40026059
40026063
40026068
40026069
40026075
40026078
40026080
40026082
40026084
40026085
40026086
40026087
40026099
40026102
40026103
40026104
40026107
40026110
40026112
40026113
40026114
40026121
40026122
40026123
40026127
40026128
40026130
40026134
40026135
40026139
40026140
40026142
40026148
40026153
40026154
40026157
40026158
40026160
40026161
40026164
40026172
40026174
40026175
40026176
40026177
40026184
40026186
40026187
40026193
40026199
40026200
40026202
40026206
40026207
40026209
40026212
40026214
40026218
40026219
40026224
40026226
40026228
40026229
40026231
40026235
40026236
40026244
40026245
40026246
40026248
40026252
40026257
40026261
40026263
40026265
40026270
40026271
40026276
40026282
40026283
40026286
40026292
40026293
40026294
40026298
40026303
40026304
40026307
40026317
40026322
40026323
40026324
40026327
40026329
40026334
40026335
40026336
40026340
40026342
40026343
40026344
40026347
40026352
40026354
40026360
40026372
40026376
40026379
40026382
40026384
40026387
40026388
40026390
40026391
40026398
40026403
40026413
40026416
40026427
40026431
40026433
40026434
40026435
40026438
40026439
40026445
40026446
40026448
40026453
40026456
40026457
40026464
40026465
40026466
40026468
40026469
40026471
40026472
40026477
40026478
40026480
40026493
40026494
40026507
40026515
40026522
40026528
40026529
40026533
40026543
40026548
40026549
40026550
40026554
40026557
40026558
40026563
40026564
40026570
40026571
40026572
40026574
40026584
40026596
40026598
40026610
40026618
40026624
40026634
40026637
40026641
40026648
40026656
40026657
40026659
40026665
40026670
40026672
40026675
40026676
40026677
40026680
40026685
40026686
40026687
40026694
40026696
40026701
40026705
40026710
40026716
40026717
40026723
40026738
40026742
40026743
40026751
40026753
40026761
40026762
40026765
40026844
40026852
40026857
40026859
40026863
40026865
40026884
40026894
40026913
40026920
40026925
40026933
40027074
40027456
40027502
40027519
40027551
40027625
40027706
40027844
40027919
40027922
40027934
40028012
40028063
40028102
40028137
40028166
40028188
40028300
40028373
40028420
40028436
40028438
40028494
40028610
40028704
40028744
40028786
40028795
40028798
40028818
40028828
40028844
40028861
40028887
40028891
40028898
40028904
40028917
40028941
40028954
40028986
40028988
40028998
40029001
40029008
40029015
40029017
40029027
40029034
40029036
40029047
40029055
40029075
40029091
40029101
40029107
40029108
40029149
40029163
40029164
40029165
40029166
40029185
40029187
40029191
40029193
40029195
40029197
40029221
40029232
40029233
40029248
40029252
40029253
40029261
40029268
40029270
40029279
40029296
40029299
40029304
40029315
40029325
40029329
40029331
40029337
40029340
40029345
40029348
40029350
40029363
40029367
40029377
40029381
40029396
40029406
40029408
40029414
40029422
40029428
40029430
40029433
40029434
40029440
40029447
40029451
40029459
40029460
40029469
40029476
40029478
40029481
40029482
40029484
40029494
40029502
40029503
40029505
40029506
40029518
40029520
40029522
40029534
40029539
40029554
40029559
40029569
40029571
40029576
40029583
40029586
40029589
40029590
40029592
40029594
40029603
40029609
40029610
40029612
40029613
40029614
40029615
40029619
40029620
40029622
40029624
40029626
40029632
40029633
40029637
40029638
40029642
40029646
40029649
40029650
40029653
40029654
40029663
40029664
40029670
40029672
40029683
40029686
40029688
40029693
40029694
40029698
40029705
40029709
40029711
40029714
40029718
40029726
40035597
40035604
40035612
40035620
40035634
40035641
40035642
40035650
40035668
40035674
40035678
40035680
40035683
40035684
40035686
40035691
40035692
40035721
40035731
40035733
40035735
40035745
40035747
40035752
40035761
40035767
40035775
40035783
40035786
40035789
40035790
40035791
40035797
40035802
40035803
40035811
40035812
40035813
40035815
40035816
40035822
40035824
40035826
40035827
40035831
40035833
40035840
40035841
40035842
40035845
40035853
40035854
40035858
40035859
40035864
40035873
40035874
40035876
40035882
40035885
40035886
40035894
40035895
40035896
40035901
40035904
40035916
40035917
40035920
40035924
40035926
40035931
40035932
40035938
40035940
40035941
40035943
40035960
40035961
40035966
40035968
40035971
40035973
40035974
40035977
40035980
40035983
40035987
40035990
40035991
40035992
40035993
40035996
40035997
40036000
40036002
40036006
40036008
40036009
40036013
40036018
40036020
40036025
40036029
40036032
40036037
40036040
40036041
40036043
40036047
40036051
40036054
40036057
40036058
40036059
40036070
40036071
40036079
40036084
40036091
40036093
40036098
40036101
40036109
40036110
40036111
40036118
40036121
40036122
40036123
40036130
40036131
40036134
40036136
40036139
40036143
40036144
40036149
40036151
40036157
40036163
40036168
40036169
40036172
40036181
40036191
40036196
40036198
40036199
40036203
40036205
40036208
40036212
40036221
40036222
40036228
40036232
40036239
40036240
40036245
40036246
40036248
40036249
40036251
40036252
40036253
40036254
40036259
40036264
40036266
40036270
40036273
40036285
40036287
40036289
40036294
40036303
40036308
40036309
40036310
40036311
40036312
40036313
40036315
40036317
40036319
40036322
40036323
40036325
40036326
40036333
40036339
40036345
40036349
40036350
40036352
40036353
40036375
40036377
40036380
40036381
40036385
40036387
40036388
40036394
40036399
40036402
40036406
40036407
40036408
40036411
40036412
40036542
40036550
40036564
40036576
40036579
40036588
40036589
40036594
40036616
40036627
40036631
40036641
40036647
40036649
40036652
40036666
40036677
40036679
40036692
40036705
40036709
40036713
40036718
40036720
40036730
40036733
40036734
40036737
40036745
40036757
40036761
40036762
40036767
40036768
40036775
40036783
40036784
40036788
40036792
40036807
40036815
40036919
40037221
40042586
40042624
40042632
40042634
40042640
40042644
40042649
40042656
40042657
40042658
40042662
40042668
40042672
40042679
40042683
40042692
40042695
40042710
40042713
40042719
40042721
40042728
40042730
40042731
40042733
40042735
40042736
40042739
40042742
40042745
40042747
40042748
40042752
40042754
40042757
40042768
40042773
40042777
40042779
40042781
40042795
40042797
40042798
40042801
40042804
40042809
40042810
40042813
40042833
40042834
40042835
40042838
40042839
40042842
40042845
40042850
40042855
40042863
40042867
40042880
40042892
40042893
40042894
40042898
40042901
40042908
40042910
40042920
40042922
40042924
40042927
40042931
40042933
40042934
40042941
40042943
40042944
40042948
40042949
40042953
40042958
40042959
40042967
40042968
40042970
40042973
40042977
40042980
40042983
40042985
40042995
40043006
40043009
40043024
40043030
40043034
40043041
40043042
40043043
40043045
40043048
40043049
40043051
40043052
40043053
40043057
40043066
40043067
40043075
40043076
40043083
40043085
40043094
40043096
40043099
40043100
40043107
40043109
40043111
40043113
40043115
40043121
40043123
40043124
40043126
40043127
40043128
40043131
40043135
40043136
40043141
40043143
40043144
40043145
40043146
40043147
40043148
40043153
40043156
40043161
40043163
40043168
40043171
40043172
40043173
40043175
40043178
40043181
40043184
40043187
40043189
40043190
40043192
40043193
40043200
40043201
40043202
40043207
40043208
40043209
40043216
40043218
40043227
40043236
40043239
40043241
40043246
40043247
40043250
40043252
40043257
40043261
40043263
40043279
40043281
40043285
40043288
40043289
40043305
40043314
40043317
40043336
40043766
40043785
40043809
40043814
40043836
40043847
40043866
40043872
40043876
40043880
40043891
40043895
40043904
40043912
40043914
40043915
40043930
40043939
40043945
40043960
40043967
40043978
40043986
40043998
40044057
40071668
40071719
40071762
40071774
40071789
40071796
40071850
40071851
40071853
40071855
40071867
40071887
40071895
40071896
40071901
40071925
40071927
40071928
40071929
40071934
40071935
40071941
40071965
40071968
40071976
40071979
40071984
40071997
40072010
40072011
40072020
40072024
40072026
40072029
40072034
40072041
40072042
40072044
40072046
40072057
40072061
40072068
40072077
40072091
40072095
40072101
40072103
40072117
40072124
40072130
40072133
40072136
40072144
40072149
40072152
40072153
40072157
40072165
40072167
40072174
40072179
40072181
40072191
40072192
40072195
40072196
40072198
40072201
40072215
40072223
40072233
40072234
40072235
40072237
40072238
40072239
40072240
40072242
40072250
40072254
40072262
40072263
40072264
40072265
40072271
40072278
40072298
40072299
40072308
40072313
40072315
40072316
40072317
40072318
40072321
40072326
40072327
40072333
40072335
40072336
40072337
40072338
40072345
40072346
40072347
40072351
40072352
40072353
40072355
40072359
40072362
40072365
40072369
40072372
40072380
40072384
40072390
40072391
40072392
40072393
40072397
40072398
40072404
40072409
40072411
40072412
40072413
40072417
40072424
40072426
40072430
40072435
40072436
40072445
40072451
40072452
40072454
40072455
40072456
40072461
40072466
40072469
40072474
40072476
40072479
40072482
40072485
40072486
40072489
40072491
40072500
40072501
40072502
40072505
40072508
40072514
40072524
40072526
40072528
40072529
40072530
40072533
40072534
40072535
40072538
40072542
40072545
40072546
40072551
40072553
40072554
40072559
40072560
40072563
40072565
40072566
40072567
40072568
40072569
40072575
40072579
40072580
40072581
40072585
40072587
40072594
40072598
40072604
40072606
40072608
40072609
40072616
40072623
40072624
40072629
40072630
40072636
40072637
40072639
40072640
40072642
40072653
40072654
40072659
40072662
40072665
40072666
40072669
40072676
40072677
40072684
40072686
40072691
40072693
40072694
40072695
40072696
40072703
40072706
40072707
40072708
40072710
40072712
40072719
40072720
40072722
40072724
40072731
40072732
40072735
40072739
40072743
40072748
40072750
40072751
40072752
40072756
40072757
40072767
40072777
40072778
40072782
40072785
40072786
40072787
40072788
40072798
40072799
40072801
40072804
40072806
40072808
40072813
40072820
40072831
40072836
40072838
40072840
40072842
40072860
40072861
40072865
40072870
40072875
40072878
40072883
40072884
40072887
40072888
40072889
40072905
40072917
40072918
40072919
40072922
40072925
40072926
40072927
40072936
40072937
40072939
40072940
40072941
40072943
40072951
40072960
40072962
40072964
40072968
40072970
40072977
40072978
40072982
40072984
40072986
40072990
40072993
40072994
40072996
40072998
40072999
40073001
40073002
40073007
40073011
40073013
40073015
40073020
40073021
40073023
40073024
40073025
40073027
40073038
40073040
40073041
40073046
40073051
40073054
40073056
40073057
40073061
40073067
40073072
40073079
40073088
40073094
40073097
40073100
40073101
40073103
40073106
40073108
40073111
40073112
40073113
40073117
40073118
40073122
40073126
40073127
40073131
40073135
40073140
40073144
40073150
40073156
40073168
40073178
40073188
40073189
40073192
40073203
40073207
40073212
40073213
40073214
40073220
40073221
40073222
40073226
40073228
40073229
40073235
40073236
40073239
40073241
40073242
40073243
40073245
40073248
40073250
40073251
40073252
40073255
40073259
40073268
40073269
40073276
40073277
40073278
40073282
40073283
40073285
40073287
40073291
40073294
40073297
40073301
40073309
40073310
40073312
40073313
40073314
40073315
40073320
40073328
40073329
40073330
40073337
40073338
40073340
40073342
40073345
40073349
40073352
40073354
40073355
40073359
40073363
40073364
40073365
40073370
40073373
40073374
40073376
40073377
40073378
40073382
40073385
40073390
40073395
40073396
40073397
40073398
40073400
40073401
40073403
40073406
40073411
40073412
40073424
40073425
40073426
40073427
40073428
40073431
40073434
40073440
40073446
40073453
40073454
40073459
40073463
40073464
40073466
40073470
40073474
40073475
40073481
40073492
40073495
40073506
40073507
40073510
40073513
40073516
40073518
40073521
40073522
40073523
40073526
40073529
40073533
40073549
40073553
40073554
40073558
40073559
40073564
40073574
40073576
40073577
40073578
40073579
40073580
40073582
40073585
40073589
40073590
40073594
40073597
40073602
40073604
40073605
40073609
40073611
40073612
40073615
40073619
40073622
40073627
40073628
40073630
40073639
40073640
40073641
40073644
40073646
40073647
40073650
40073657
40073658
40073660
40073661
40073665
40073668
40073669
40073676
40073677
40073687
40073690
40073693
40073695
40073702
40073705
40073707
40073715
40073716
40073717
40073719
40073722
40073725
40073726
40073733
40073743
40073747
40073748
40073750
40073751
40073752
40073758
40073767
40073772
40073773
40073776
40073781
40073782
40073786
40073788
40073789
40073793
40073797
40073798
40073799
40073805
40073807
40073816
40073817
40073818
40073819
40073827
40073832
40073835
40073838
40073839
40073842
40073843
40073845
40073848
40073849
40073856
40073865
40073872
40073873
40073881
40073882
40073883
40073884
40073892
40073893
40073909
40073914
40073918
40073920
40073927
40073928
40073933
40073934
40073941
40073943
40073947
40073951
40073952
40073953
40073959
40073962
40073964
40073967
40073968
40073973
40073975
40073976
40073979
40073985
40073988
40073989
40073992
40073993
40073994
40073995
40074000
40074002
40074005
40074006
40074011
40074022
40074028
40074029
40074034
40074036
40074037
40074046
40074047
40074054
40074057
40074060
40074061
40074071
40074073
40074075
40074081
40074082
40074084
40074091
40074098
40074100
40074101
40074106
40074109
40074110
40074116
40074118
40074124
40074125
40074126
40074127
40074130
40074137
40074153
40074154
40074155
40074158
40074163
40074165
40074166
40074167
40074170
40074172
40074173
40074178
40074195
40074197
40074198
40074205
40074206
40074207
40074208
40074217
40074219
40074234
40074236
40074240
40074242
40074243
40074247
40074249
40074256
40074259
40074260
40074261
40074262
40074263
40074264
40074265
40074272
40074273
40074276
40074280
40074285
40074287
40074289
40074296
40074299
40074302
40074303
40074304
40074305
40074309
40074310
40074316
40074317
40074323
40074335
40074336
40074339
40074341
40074344
40074351
40074356
40074357
40074370
40074373
40074380
40074386
40074387
40074390
40074391
40074397
40074398
40074403
40074407
40074408
40074417
40074421
40074424
40074425
40074430
40074432
40074434
40074435
40074438
40074441
40074444
40074449
40074450
40074453
40074454
40074458
40074463
40074464
40074470
40074471
40074474
40074478
40074479
40074481
40074482
40074483
40074484
40074487
40074489
40074500
40074502
40074503
40074509
40074510
40074511
40074523
40074524
40074530
40074532
40074534
40074535
40074539
40074544
40074545
40074546
40074550
40074554
40074555
40074556
40074557
40074560
40074561
40074562
40074567
40074573
40074581
40074585
40074587
40074591
40074592
40074599
40074600
40074601
40074602
40074603
40074617
40074623
40074624
40074625
40074627
40074632
40074637
40074639
40074642
40074646
40074658
40074666
40074668
40074671
40074674
40074675
40074676
40074678
40074681
40074682
40074691
40074692
40074693
40074695
40074696
40074697
40074703
40074704
40074705
40074714
40074715
40074720
40074721
40074722
40074729
40074730
40074731
40074735
40074736
40074752
40074753
40074759
40074762
40074767
40074786
40074794
40074796
40074800
40074810
40074817
40074820
40074822
40074823
40074825
40074826
40074827
40074833
40074836
40074838
40074847
40074849
40074851
40074853
40074862
40074863
40074867
40074868
40074869
40074872
40074877
40074878
40074879
40074880
40074881
40074883
40074884
40074887
40074888
40074890
40074893
40074898
40074901
40074908
40074916
40074918
40074921
40074924
40074927
40074928
40074931
40074938
40074941
40074943
40074946
40074949
40074951
40074952
40074954
40074965
40074968
40074972
40074974
40074975
40074976
40074978
40074979
40074981
40074993
40074994
40074996
40074998
40075007
40075012
40075017
40075026
40075028
40075030
40075032
40075034
40075040
40075043
40075044
40075051
40075054
40075057
40075058
40075059
40075060
40075061
40075066
40075067
40075068
40075070
40075072
40075073
40075074
40075075
40075077
40075078
40075092
40075098
40075099
40075100
40075101
40075106
40075112
40075125
40075127
40075133
40075135
40075138
40075140
40075143
40075145
40075148
40075154
40075155
40075156
40075158
40075172
40075173
40075174
40075176
40075179
40075181
40075188
40075190
40075191
40075193
40075197
40075198
40075201
40075210
40075215
40075217
40075230
40075233
40075236
40075237
40075239
40075240
40075243
40075244
40075245
40075254
40075256
40075259
40075264
40075265
40075269
40075274
40075275
40075276
40075278
40075288
40075291
40075292
40075293
40075295
40075296
40075304
40075305
40075306
40075308
40075309
40075310
40075311
40075317
40075319
40075321
40075325
40075327
40075329
40075330
40075332
40075335
40075337
40075344
40075347
40075350
40075353
40075359
40075361
40075365
40075370
40075371
40075373
40075380
40075385
40075400
40075408
40075410
40075413
40075418
40075422
40075427
40075430
40075433
40075434
40075436
40075441
40075448
40075457
40075464
40075468
40075469
40075470
40075471
40075474
40075479
40075482
40075484
40075489
40075490
40075494
40075495
40075496
40075497
40075501
40075505
40075508
40075511
40075515
40075516
40075519
40075527
40075530
40075536
40075538
40075542
40075545
40075547
40075548
40075549
40075550
40075551
40075557
40075563
40075565
40075575
40075576
40075579
40075580
40075581
40075589
40075594
40075599
40075601
40075602
40075604
40075609
40075623
40075624
40075625
40075629
40075633
40075634
40075641
40075643
40075648
40075652
40075657
40075661
40075666
40075667
40075673
40075677
40075678
40075680
40075685
40075688
40075690
40075695
40075697
40075700
40075701
40075703
40075708
40075717
40075724
40075725
40075733
40075735
40075739
40075740
40075742
40075744
40075747
40075749
40075753
40075756
40075761
40075767
40075769
40075770
40075777
40075778
40075779
40075781
40075783
40075785
40075786
40075787
40075789
40075794
40075797
40075800
40075805
40075810
40075818
40075824
40075828
40075844
40075845
40075846
40075847
40075850
40075853
40075854
40075856
40075859
40075865
40075867
40075870
40075874
40075876
40075878
40075889
40075893
40075896
40075906
40075909
40075910
40075911
40075922
40075924
40075928
40075932
40075941
40075943
40075944
40075949
40075956
40075958
40075960
40075966
40075969
40075971
40075993
40075994
40075997
40076001
40076010
40076014
40076015
40076016
40076021
40076022
40076025
40076026
40076031
40076036
40076042
40076048
40076056
40076062
40076064
40076066
40076067
40076072
40076076
40076077
40076078
40076080
40076081
40076084
40076085
40076089
40076095
40076101
40076105
40076108
40076109
40076115
40076116
40076117
40076119
40076120
40076121
40076124
40076128
40076133
40076137
40076140
40076143
40076144
40076150
40076151
40076154
40076156
40076162
40076163
40076166
40076170
40076171
40076172
40076177
40076182
40076185
40076187
40076188
40076194
40076198
40076199
40076201
40076202
40076213
40076214
40076215
40076216
40076217
40076218
40076221
40076222
40076224
40076230
40076237
40076238
40076241
40076253
40076254
40076262
40076267
40076274
40076275
40076282
40076286
40076289
40076293
40076295
40076296
40076302
40076303
40076304
40076305
40076307
40076309
40076310
40076312
40076316
40076317
40076319
40076323
40076333
40076334
40076338
40076339
40076345
40076349
40076352
40076353
40076354
40076357
40076361
40076369
40076371
40076374
40076386
40076390
40076391
40076397
40076399
40076400
40076405
40076406
40076407
40076409
40076411
40076416
40076419
40076426
40076429
40076434
40076437
40076439
40076442
40076446
40076449
40076457
40076467
40076469
40076474
40076483
40076490
40076492
40076497
40076500
40076503
40076506
40076511
40076524
40076525
40076528
40076534
40076540
40076549
40076550
40076553
40076566
40076570
40076577
40076578
40076586
40076589
40076600
40076602
40076603
40076605
40076614
40076619
40076620
40076632
40076636
40076647
40076654
40076658
40076661
40076674
40076686
40076695
40076698
40076709
40076710
40076719
40076734
40076751
40076759
40076765
40076783
40076792
40076795
40076799
40076800
40076801
40076805
40076819
40076823
40076832
40076833
40076844
40076848
40076859
40076870
40076887
40076891
40076895
40076915
40076922
40076936
40076942
40076945
40076993
40076998
40077011
40077023
40077031
40077038
40077042
40077114
40077134
40077186
40077228
40077237
40077244
40077248
40077266
40086619
40086625
40086645
40086664
40086672
40086679
40086708
40086718
40086721
40086722
40086735
40086745
40086749
40086751
40086752
40086755
40086756
40086764
40086766
40086769
40086776
40086789
40086791
40086798
40086807
40086809
40086811
40086819
40086822
40086823
40086825
40086827
40086833
40086837
40086847
40086864
40086869
40086876
40086878
40086883
40086892
40086893
40086894
40086898
40086899
40086902
40086913
40086914
40086917
40086919
40086930
40086932
40086935
40086948
40086956
40086971
40086992
40086994
40087007
40087021
40087023
40087026
40087028
40087032
40087034
40087035
40087045
40087053
40087061
40087065
40087069
40087085
40087088
40087107
40087111
40087118
40087119
40087137
40087149
40087155
40087156
40087163
40087166
40087169
40087172
40087192
40087205
40087216
40087218
40087220
40087224
40087268
40087273
40087281
40087282
40087287
40087295
40087297
40087307
40087316
40087320
40087331
40087332
40087337
40087339
40087340
40087345
40087350
40087351
40087353
40087356
40087357
40087363
40087366
40087384
40087385
40087387
40087388
40087391
40087393
40087396
40087397
40087399
40087404
40087407
40087408
40087410
40087418
40087419
40087422
40087436
40087447
40087456
40087457
40087462
40087465
40087482
40087504
40087511
40087516
40087519
40087521
40087524
40087525
40087527
40087531
40087532
40087537
40087539
40087540
40087542
40087565
40087569
40087574
40087575
40087589
40087594
40087603
40087631
40087633
40087638
40087639
40087642
40087651
40087667
40087672
40087675
40087682
40087683
40087690
40087708
40087719
40087726
40087730
40087733
40087740
40087756
40087758
40087768
40087769
40087785
40087798
40087805
40087812
40087821
40087824
40087827
40087828
40087837
40087842
40087846
40087860
40087879
40087903
40087904
40087908
40087931
40087932
40087958
40088020
40088045
40093306
40093322
40093328
40093331
40093346
40093349
40093358
40093361
40093369
40093388
40093395
40093402
40093410
40093431
40093438
40093442
40093447
40093448
40093452
40093456
40093467
40093478
40093491
40093495
40093500
40093501
40093510
40093512
40093516
40093521
40093523
40093527
40093530
40093539
40093544
40093554
40093556
40093573
40093575
40093579
40093580
40093583
40093590
40093592
40093593
40093598
40093599
40093643
40093655
40093657
40093664
40093668
40093686
40093691
40093700
40093707
40093708
40093712
40093726
40093730
40093737
40093749
40093763
40093773
40093781
40093784
40093793
40093800
40093808
40093809
40093812
40093822
40093830
40093835
40093839
40093842
40093844
40093852
40093856
40093878
40093900
40093906
40093911
40093913
40093951
40093955
40093966
40099236
40099266
40099268
40099277
40099283
40099284
40099288
40099306
40099308
40099318
40099321
40099324
40099331
40099338
40099344
40099349
40099360
40099364
40099365
40099366
40099372
40099373
40099374
40099379
40099389
40099397
40099407
40099414
40099422
40099423
40099424
40099432
40099434
40099443
40099445
40099448
40099475
40099482
40099484
40099485
40099490
40099495
40099498
40099499
40099506
40099507
40099534
40099536
40099541
40099547
40099559
40099577
40099579
40099613
40099614
40099615
40099619
40099625
40099628
40099636
40099648
40099653
40099668
40099669
40099671
40099675
40099676
40099685
40099687
40099689
40099699
40099704
40099705
40099719
40099735
40099747
40099753
40099754
40099758
40099771
40099782
40099786
40099790
40099795
40099799
40099805
40099825
40099826
40099834
40099848
40099860
40099864
40099867
40099879
40099886
40099900
40099901
40099908
40099932
40099939
40099977
40103457
40103459
40103476
40103488
40103512
40103532
40103544
40103555
40103564
40103568
40103613
40103640
40103642
40103643
40103648
40103659
40103676
40103685
40103686
40103700
40103712
40103720
40103727
40103736
40103774
40103778
40103786
40104044
40107436
40107495
40107499
40107501
40107504
40107507
40107512
40107536
40107545
40107546
40107550
40107552
40107564
40107569
40107572
40107582
40107586
40107588
40107591
40107612
40107617
40107619
40107634
40107641
40107654
40107656
40107713
40107720
40107724
40107745
40107750
40107779
40107790
40107799
40107813
40107815
40108569
40110897
40110931
40110947
40110952
40110953
40110966
40110979
40110989
40110994
40110998
40111001
40111002
40111012
40111018
40111019
40111040
40111041
40111055
40111056
40111082
40111084
40111095
40111121
40111123
40111153
40111160
40111174
40111663
40114018
40114020
40114040
40114064
40114070
40114082
40114109
40114111
40114114
40114117
40114129
40114132
40114142
40114145
40114170
40114177
40114195
40114207
40114209
40114211
40114273
40114281
40114311
40114315
40119338
40119345
40119378
40119390
40119413
40119489
40119537
40120060
40120084
40122851
40122933
40122950
40122952
40122965
40122983
40123002
40123090
40125902
40125938
40125962
40126009
40126026
40126641
40126649
40129196
40129232
40129337
40129352
40129365
40129366
40129368
40132266
40132269
40132294
40132305
40132311
40132322
40132325
40132333
40137702
40137748
40137751
40137753
40137762
40137765
40137778
40137801
40137811
40137829
40138345
40139981
40140038
40140102
40140112
40140350
40142503
40142519
40142556
40142567
40142580
40142584
40142589
40142604
40142617
40142653
40142667
40142672
40143086
40143104
40145146
40145257
40145783
40147875
40147879
40147898
40147911
40147914
40147917
40147958
40148593
40150230
40150254
40150269
40150300
40150740
40152774
40152803
40152861
40153014
40156296
40165492
40165539
40165561
40165567
40165594
40165608
40165614
40165628
40165629
40165631
40165633
40165651
40165653
40165656
40165659
40165661
40165665
40165678
40165683
40165703
40165723
40165734
40165746
40165759
40165792
40165822
40165846
40165851
40165871
40165872
40165875
40165891
40165923
40165924
40166011
40166020
40166045
40166060
40166062
40166084
40166098
40166118
40166119
40166126
40166149
40166157
40166173
40166182
40166223
40166229
40166251
40166271
40166272
40166295
40166316
40166323
40166335
40166362
40170951
40170980
40171033
40171035
40171036
40171037
40171054
40171060
40171070
40171079
40171095
40171106
40171150
40171176
40171179
40171239
40171249
40171254
40171255
40171256
40171269
40171270
40171277
40171285
40171287
40171291
40171300
40171301
40171303
40171316
40171323
40171324
40171325
40171335
40171342
40171347
40171366
40171368
40171404
40171408
40171425
40171446
40171530
40171543
40175331
40175366
40175367
40175374
40175375
40175410
40175414
40175420
40175438
40175445
40175462
40175479
40175529
40175572
40175653
40175661
40175681
40175690
40175698
40175701
40175704
40175726
40175730
40175741
40175743
40175749
40175762
40175769
40175776
40175777
40175798
40175803
40175839
40175842
40175843
40175847
40175947
40175955
40178888
40178903
40178917
40178934
40178964
40178981
40178992
40179007
40179126
40179137
40179140
40179141
40179185
40179189
40179200
40179215
40179218
40179247
40179267
40182081
40182082
40182114
40182142
40182160
40182171
40182180
40182265
40182280
40182288
40182349
40182353
40182360
40182364
40182371
40182372
40182398
40182439
40182444
40182448
40185243
40185261
40185283
40185307
40185312
40185329
40185333
40185352
40185367
40185371
40185456
40185467
40185524
40185528
40185572
40185573
40185614
40185620
40185622
40185628
40185639
40185657
40185658
40185660
40185740
40185746
40188398
40188409
40188421
40188430
40188438
40188463
40188485
40188489
40188490
40188557
40188571
40188611
40188624
40188636
40188665
40188690
40188713
40188714
40188720
40188736
40188755
40188772
40191465
40191475
40191519
40191522
40191545
40191622
40191714
40191722
40191731
40191755
40191800
40194500
40194504
40194542
40194544
40194561
40194576
40194584
40194597
40194668
40194778
40194787
40194875
40194903
40194931
40197716
40197739
40197741
40197791
40197802
40197824
40197845
40197866
40197877
40197930
40197949
40197981
40197984
40198012
40198029
40198056
40198087
40198095
40200472
40200517
40200542
40200545
40200559
40200626
40200646
40200652
40200656
40200732
40200778
40200820
40203048
40203055
40203061
40203103
40203115
40203236
40203243
40203353
40203375
40206217
40206237
40206266
40206291
40206364
40206553
40206588
40206591
40206652
40206677
40209295
40209300
40209309
40209315
40209347
40209349
40209357
40209373
40209379
40209436
40209441
40209558
40209566
40209584
40211956
40211963
40211990
40211991
40211996
40212014
40212112
40212132
40212155
40212222
40214474
40214494
40214508
40214589
40214672
40214743
40214745
40214771
40214807
40216985
40217012
40217054
40217077
40217096
40217138
40219100
40219116
40219143
40219256
40219297
40219312
40219337
40222673
40222675
40222749
40222765
40222772
40222783
40222788
40222790
40222825
40222827
40222831
40222835
40222845
40222849
40222859
40222874
40222879
40222886
40222901
40223028
40223036
40223079
40223083
40223088
40223168
40223175
40223176
40223190
40223192
40225985
40226004
40226020
40226025
40226037
40226046
40226049
40226066
40226085
40226088
40226093
40226109
40226116
40226142
40226251
40228713
40228783
40228796
40228810
40228873
40228939
40228943
40228958
40229040
40231768
40231784
40231800
40231825
40231846
40231847
40231917
40231944
40232050
40232064
40232107
40232120
40232128
40234707
40234722
40234725
40234754
40234778
40234800
40234804
40234805
40234813
40234969
40235008
40235017
40235018
40235092
40237766
40237796
40237797
40237836
40237951
40237993
40238025
40238035
40238082
40238135
40240557
40240570
40240594
40240596
40240611
40240675
40240747
40240773
40240785
40240794
40240840
40240874
40240876
40240886
40240906
40240915
40243089
40243096
40243113
40243117
40243123
40243231
40243250
40243301
40243372
40243384
40243412
40243439
40245200
40245258
40245349
40245356
40245361
40245387
40247336
40247395
40247494
40247516
40247541
40247597
40247600
40249776
40249813
40249842
40249855
40249867
40249991
40250011
40250025
40250049
40250053
40250068
40250073
40252209
40252215
40252227
40252261
40252293
40252306
40252328
40252402
40252411
40252429
40252443
40254417
40254482
40254495
40254519
40254538
40254542
40254661
40254663
40254718
40256946
40256993
40257064
40257198
40259101
40259214
40259246
40259247
40261403
40261581
40261703
40263761
40263776
40263792
40263834
40263836
40263906
40263949
40263983
40264001
40264011
40266027
40266051
40266117
40268232
40268258
40268344
40268428
40270926
40271020
40271127
40271194
40273670
40273680
40273794
40273944
40276336
40276370
40276374
40276401
40276499
40276587
40276613
40276657
40279159
40279188
40279249
40279254
40279391
40279474
40279480
40279531
40279538
40279542
40279552
40282134
40282280
40282379
40284578
40284591
40284870
40293131
40293258
40293408
40293454
40293786
40293903
40293956
40293958
40294172
40294229
40294372
40294401
40294504
40294575
40294607
40305905
40305977
40306245
40306507
40306622
40306736
40306803
40311678
40311683
40311844
40311864
40311976
40312118
40317015
40317143
40317187
40320926
40324932
40324957
40325350
40328672
40328733
40329230
40332645
40332795
40332830
40333026
40337093
40337229
40337384
40337449
40337589
40341735
40342186
40345338
40345486
40345532
40345539
40345604
40345618
40345654
40345657
40345768
40349676
40349741
40349765
40350082
40350099
40350362
40353866
40356663
40356679
40356694
40356743
40356750
40356769
40358930
40358993
40359192
40361845
40363759
40363868
40363915
40363933
40363965
40363976
40365789
40365923
40365927
40365929
40365931
40365948
40367803
40367821
40367853
40367889
40367897
40367971
40368000
40369778
40369835
40369943
40369959
40371681
40371686
40371728
40371778
40371781
40371789
40371847
40373754
40373772
40375415
40375520
40377336
40377472
40377511
40377514
40377542
40379187
40379279
40379317
40379477
40381064
40381065
40381143
40381163
40381219
40396984
40396992
40404343
40404929
40412374
40415687
40415927
40421081
40426056
40431807
40431882
40444949
40449264
40451120
40454007
40462734
40462782
40463072
40464919
40465023
40466857
40467196
40487877
40490050
40492222
40492273
40492522
40494325
40496165
40496373
40496421
40503363
40503572
40518257
40518355
40522258
40522259
40522328
40522422
40525496
40525522
40525595
40525620
40528397
40537988
40538141
40538144
40541040
40543767
40546059
40546093
40546122
40546149
40546151
40546200
40548321
40548342
40554963
40555042
40555046
40557063
40557104
40622947
40624836
40624879
40626756
40626832
40635488
40635682
42753610
42758104
42759675
42764252
42764258
42766099
42770613
42774404
42783648
42785690
42785744
42797066
42801795
42802680
42805442
42817413
42823321
42826475
42826590
42828822
42828905
42830050
42830904
42831998
42832038
42832040
42832139
42832142
42834555
43289946
43289973
43291786
43293095
43293114
43295308
43295369
43296746
43296812
43296816
43300275
43301699
43302420
43307115
43308866
43313005
43317435
43324803
43332362
43332373
43334827
43340892
43348391
43350579
43363310
43371169
43379572
43406838
43428546
43432016
43437671
43439891
43439933
43440010
50000224
50000388
50000439
50000674
50000865
50000873
50000885
50000910
50000978
50001070
50001084
50001123
50001124
50004210
50004371
50004819
50005979
50005980
50005981
50005982
50010653
50010660
50010661
50010668
50010669
50010671
50010679
50010682
50010686
50010691
50010700
50010705
50010707
50010714
50010718
50010727
50010728
50010729
50010730
50010735
50010738
50010741
50010742
50010747
50010748
50010750
50010754
50010756
50010761
50010765
50010769
50010770
50010773
50010777
50010786
50010787
50010792
50010796
50010797
50010801
50010803
50010814
50010820
50010826
50010828
50010829
50010830
50010831
50010834
50010838
50010843
50010851
50010852
50010855
50010861
50010863
50010864
50010869
50010950
50010952
50010954
50010997
50011006
50011011
50011018
50011026
50011031
50011034
50011037
50011041
50011044
50011052
50011053
50011074
50011081
50011083
50011084
50011088
50011096
50011097
50011674
50011676
50012400
50012404
50012422
50012426
50012431
50012438
50012449
50012458
50012461
50012464
50012467
50012470
50012472
50012474
50012600
50012601
50012602
50012603
50012604
50012605
50013071
50013077
50013078
50013079
50013081
50013082
50013083
50013084
50013085
50013086
50013087
50013088
50013092
50013150
50013151
50013152
50013153
50013154
50013155
50013156
50013338
50013339
50014030
50034020
50034184
50034356
50034403
50034660
50034745
50034875
50034877
50035091
50035133
50037500
50037504
50037507
50037510
50037520
50037522
50037535
50037547
50037548
50037549
50037558
50037566
50037573
50037575
50044189
50044256
50044479
50044502
50044514
50044539
50044552
50044564
50044569
50044585
50044612
50045349
50045410
50045424
50045455
50045461
50045472
50045477
50045518
50045527
50054078
50054083
50054111
50054153
50054163
50054177
50054200
50054203
50054204
50054205
50054212
50054213
50054217
50054227
50054231
50054243
50054247
50054251
50054268
50054275
50054276
50054277
50054287
50054300
50054336
50054341
50054373
50054378
50054379
50056159
50057369
50057561
50057602
50065516
50065518
50065519
50065524
50065525
50065555
50065556
50065559
50065566
50065581
50065583
50065584
50065587
50065589
50065590
50065597
50065598
50065600
50065610
50065613
50065614
50065615
50065622
50065627
50065629
50065632
50065633
50065634
50065640
50065643
50065654
50065656
50065665
50065677
50065679
50065683
50065690
50065691
50065693
50065695
50065700
50065701
50065702
50065706
50065707
50065708
50065709
50065711
50065712
50065714
50065717
50065718
50065723
50065724
50065729
50065734
50065736
50065739
50065741
50065743
50065744
50065746
50065770
50065774
50065775
50065776
50065779
50065780
50065783
50065785
50065796
50065798
50065806
50065812
50065813
50065815
50065816
50065818
50065821
50065822
50065824
50065829
50065830
50065839
50065843
50065847
50065875
50065878
50065880
50065881
50065890
50065892
50065893
50065899
50065901
50065902
50065904
50065906
50065908
50065911
50065912
50065919
50065922
50065925
50065927
50065928
50065929
50065941
50065943
50065946
50065947
50065949
50065951
50065956
50065957
50065958
50065961
50065964
50065970
50065972
50065973
50065974
50065977
50065978
50065979
50065981
50065990
50065994
50065996
50065998
50066013
50066017
50066018
50066023
50066027
50066032
50066036
50066044
50066051
50066063
50066073
50066074
50066075
50066092
50066095
50066096
50066102
50066104
50066105
50066110
50066115
50066120
50066123
50066131
50066132
50066133
50066138
50066140
50066141
50066145
50066147
50066152
50066153
50066158
50066161
50066165
50066167
50066168
50066170
50066172
50066175
50066176
50066179
50066180
50066182
50066184
50066187
50066188
50066190
50066196
50066201
50066207
50066210
50066222
50066229
50066232
50066236
50066239
50066249
50066262
50066264
50066268
50066269
50066271
50066274
50066279
50066290
50066291
50066297
50066301
50066303
50066304
50066306
50066307
50066309
50066312
50066313
50066315
50066318
50066320
50066330
50066338
50066339
50066347
50066353
50066361
50066362
50066366
50066370
50066371
50066382
50066383
50066384
50066397
50066403
50066411
50066412
50066415
50066422
50066428
50066433
60011046
60011047
60011049
60011055
60011056
60011058
60011060
60011061
60011064
60011065
60011067
60011070
60011073
60011091
60011097
60011109
60011110
60011111
60011129
60011133
60011212
60011240
60011247
60011249
60011251
60011252
60011255
60011256
60011259
60011263
60011266
60011271
60011276
60011277
60011290
60011292
60011294
60011296
60011297
60011299
60011300
60011304
60011306
60011307
60011310
60011311
60011314
60011330
60011333
60011342
60011344
60011345
60011347
60011348
60011350
60011358
60011359
60011362
60011365
60011371
60011376
60011377
60011438
60011691
60011692
60011694
60011700
60011702
60011706
60011710
60011714
60011715
60011723
60011734
60011744
60011753
60011796
60011799
60011808
60011813
60011964
60011965
60011975
60011982
60011990
60011999
60012004
60012005
60012010
60012011
60012012
60012013
60012017
60012019
60012021
60012023
60012029
60012030
60012034
60012036
60012041
60012045
60012061
60012065
60012067
60012070
60012074
60012078
60012079
60012088
60012092
60012095
60012102
60012111
60012119
60012149
60012150
60012151
60012153
60012161
60012174
60012180
60012183
60012186
60012187
60012200
60012205
60012210
60012217
60012221
60012224
60012231
60012232
60012259
60012261
60012263
60012264
60012265
