43033997
43034150
43034405
43034670
43034713
43036082
43053708
43069524
43069528
43083978
43084259
43085226
43086665
43088148
43131874
43165092
43165102
43165164
43165362
43165519
43165552
43165583
43165846
43165947
43165970
43166088
43166130
43166166
43166335
43166391
43166454
43166514
43166515
43166600
43166610
43166817
43166860
43166868
43166899
43166933
43166935
43167006
43167030
43167035
43167120
43167146
43167270
43167274
43167292
43167303
43167536
43167638
43167721
43167736
43168093
43168163
43179898
43179945
43179964
43179970
43179980
43179983
43180064
43180074
43180075
43180104
43180105
43180108
43180124
43180133
43180136
43180141
43180149
43180150
43180168
43180170
43180177
43180213
43180217
43180220
43180238
43180249
43180270
43180296
43180335
43180353
43180420
43180457
43180526
43180538
43180570
43180596
43180604
43180610
43180619
43180647
43180652
43180678
43180693
43180706
43180747
43180767
43180797
43180821
43180901
43180915
43180920
43180927
43180931
43182001
43182028
43183282
43183592
43183701
43184391
43184841
43185525
43186509
43186844
43187741
43187858
43188827
43190717
43190770
43190845
43192508
43192699
43193665
43193931
43194509
43195044
43196849
43197796
43200053
43200223
43200948
43200962
43200980
43204557
43207813
43207913
43210351
43211967
43219043
43225767
43227427
43227442
43227444
43227451
43227452
43227468
43228559
43230669
43232530
43233410
43233413
43233440
43234599
50005377
50005396
50005402
50011748
50011772
50011796
50011803
50012675
50012735
50012736
50012737
50012738
50012739
50013218
50014676
50014723
50014738
50015131
50015174
50015226
50015474
50015539
50015906
50036355
50037696
50037722
50037895
50037957
50038286
50046723
50046735
50046748
50046749
50047868
50047869
50047870
50047871
50047872
50047873
50047874
50047875
50047876
50047877
50047878
50047879
50047880
50047881
50047882
50047886
50047887
50047889
50047890
50047891
50047893
50047894
50047895
50047896
50047897
50047898
50047899
50047900
50047901
50047902
50047903
50047907
50047908
50047909
50047910
50047911
50047912
50047913
50047914
50047920
50047921
50047922
50047923
50047924
50047925
50047928
50047929
50047931
50047932
50047933
50047934
50047938
50047941
50047943
50047947
50047948
50047950
50047951
50047955
50047956
50047957
50047958
50047959
50047960
50047961
50047964
50047965
50047966
50047967
50047968
50048140
50048141
50056959
50056960
50056961
50056962
50056965
50056966
50056967
50056968
50056973
50056974
50056975
50056984
50056987
50056988
50056989
50056990
50056991
50057683
50058087
50058239
50067234
50067264
50067280
50067286
60003055
60003056
60003063
60003072
60003082
60003085
60003087
60003110
60003113
60003114
60003115
60003117
60003119
60003120
60003121
60003123
60003124
60003125
60003126
60003127
60003128
60003129
60003130
60003131
60003132
60003134
60003135
60003136
60003137
60003139
60003140
60003142
60003148
60003154
60003158
60003160
60003164
60003166
60003167
60003171
60003173
60003174
60003175
60003176
60003177
60003178
60003187
60003188
60003189
60003190
60003191
60003193
60003196
60003198
60003199
60003201
60003202
60003203
60003204
60003206
60003208
60003211
60003214
60003215
60003218
60003222
60003224
60003226
60003227
60003233
60003237
60003238
60003240
60003241
60003244
60003245
60003246
60003250
60003252
60003254
60003256
60003259
60003261
60003262
60003263
60003266
60003269
60003270
60003271
60003272
60003275
60003279
60003280
60003283
60003287
60003288
60003294
60003299
60003301
60003303
