40008639
40008723
40008755
40008779
40008781
40008811
40008816
40008860
40008879
40008922
40009005
40009007
40009023
40009035
40009037
40009084
40009093
40009313
40009394
40009565
40009568
40009580
40009649
40009675
40009715
40009776
40009800
40009888
40009933
40009956
40009977
40009995
40010060
40010078
40010113
40010142
40010170
40010186
40010218
40010237
40010285
40010325
40010415
40010434
40010471
40010477
40010483
40010504
40010535
40010537
40010545
40010649
40010761
40010796
40010830
40010954
40011001
40011100
40011171
40011205
40011276
40011295
40011314
40011372
40011383
40011393
40011487
40011512
40011554
40011628
40011682
40011702
40011707
40011749
40011779
40011785
40011835
40011836
40011858
40011869
40011943
40012031
40012100
40012196
40012221
40012242
40012258
40012260
40012265
40012323
40012365
40012366
40012368
40012379
40012401
40012404
40012575
40012591
40012636
40012643
40012680
40012693
40012694
40012709
40012725
40012757
40012760
40012772
40012782
40012791
40012794
40012844
40012900
40012971
40013014
40013040
40013047
40013083
40013105
40013121
40013124
40013150
40013189
40013194
40013247
40013300
40032035
40032106
40032150
40032170
40032200
40032215
40032328
40032346
40032384
40032391
40032395
40032513
40032827
40032886
40032975
40033013
40039572
40039585
40039604
40039681
40039682
40039702
40039741
40039757
40039835
40040036
40040048
40040096
40040104
40040227
40040230
40040263
40040358
40054432
40054458
40054502
40054519
40054558
40054573
40054619
40054630
40054704
40054778
40054789
40054831
40054832
40054840
40054845
40054848
40054861
40054944
40055025
40055043
40055079
40055114
40055117
40055217
40055255
40055274
40055344
40055359
40055380
40055433
40055460
40055471
40055517
40055527
40055549
40055559
40055593
40055647
40055679
40055700
40055742
40055828
40055839
40055909
40055965
40055999
40056042
40056073
40056157
40056258
40056362
40056367
40056455
40056554
40056562
40056598
40056635
40056737
40056749
40056851
40056852
40056899
40056901
40056914
40056986
40057071
40057078
40057110
40057193
40057277
40057291
40057321
40057332
40057398
40057406
40057443
40057444
40057472
40057519
40057560
40057587
40057703
40057721
40057772
40057773
40057777
40057784
40057790
40057802
40057846
40057899
40057943
40057954
40057966
40058036
40058041
40058051
40058093
40058115
40058141
40058152
40058155
40058181
40058237
40058257
40058381
40058391
40058511
40058525
40058540
40058560
40058644
40058651
40058658
40058680
40058824
40058994
40059044
40059065
40059070
40059071
40059096
40059099
40059110
40059223
40059250
40059256
40059365
40059417
40059430
40059505
40059547
40059558
40059561
40059724
40059768
40059855
40082319
40082457
40082484
40082513
40082545
40082580
40082612
40082661
40082758
40082770
40082775
40082799
40082813
40082839
40082862
40082901
40082972
40082975
40083048
40083120
40083194
40083386
40083394
40083409
40083474
40083605
40090753
40090758
40090762
40090805
40090948
40090956
40090992
40090998
40091071
40091074
40091076
40091100
40091103
40091108
40091162
40091177
40091186
40091195
40091251
40096703
40096802
40096817
40096878
40096939
40096994
40097072
40097121
40097224
40101843
40101911
40102068
40105837
40105913
40105921
40105949
40105968
40105994
40106006
40106015
40106025
40106031
40106085
40106101
40106109
40109547
40109549
40109570
40109609
40109726
40112897
40112912
40117365
40117367
40117369
40117375
40117379
40117380
40117385
40117388
40117396
40117397
40117398
40117404
40117412
40117422
40117423
40117429
40117432
40117433
40117440
40117450
40117454
40117459
40117462
40117463
40117468
40117470
40117471
40117472
40117474
40117479
40117485
40117489
40117490
40117492
40117494
40117495
40117496
40117497
40117506
40117514
40117515
40117523
40117525
40117526
40117529
40117532
40117535
40117540
40117544
40117553
40117559
40117564
40117565
40117568
40117571
40117572
40117573
40117575
40117578
40117585
40117589
40117593
40117596
40117599
40117601
40117602
40117607
40117608
40117610
40117614
40117615
40117616
40117619
40117621
40117626
40117638
40117645
40117647
40117651
40117656
40117658
40117668
40117670
40117674
40117675
40117683
40117686
40117690
40117694
40117696
40117698
40117701
40117707
40117708
40117709
40117715
40121553
40121599
40121609
40121629
40121641
40121668
40121673
40121682
40121691
40121700
40121702
40121735
40121740
40121747
40124728
40124729
40124796
40124814
40124840
40124856
40128002
40128009
40128010
40128029
40128030
40128039
40128061
40128071
40128082
40128100
40128111
40128127
40128147
40128156
40128158
40128161
40131125
40131182
40131194
40131207
40133954
40134043
40134049
40136634
40136659
40136680
40136685
40136703
40136705
40136706
40136719
40139039
40139041
40139062
40139079
40139128
40139152
40139154
40141521
40141543
40141611
40141615
40146805
40146863
40146945
40149350
40151726
40151782
40151799
40163395
40163548
40163577
40163770
40163952
40173834
40173873
40174204
40174240
40174256
40181286
40184305
40187604
40187620
40193527
40196758
40196765
40196865
40199735
40202243
40202260
40202428
40213723
40213767
40213855
40216213
40216233
40221203
40221404
40221420
40221555
40221584
40224950
40225008
40225080
40225122
40228033
40230600
40230691
40233796
40233798
40236975
40244527
40244528
40244605
40246555
40253753
40253796
40253854
40256103
40256222
40263148
40265311
40265324
40267548
40270038
40270042
40272649
40272826
40275405
40281112
40281141
40283865
40288483
40288617
40288991
40289033
40289071
40289148
40289168
40289501
40299265
40299285
40299296
40299498
40299509
40299912
40300124
40300153
40300293
40300415
40300441
40300652
40300664
40301074
40301197
40301217
40309800
40309930
40310083
40310187
40314357
40314397
40314406
40314441
40314581
40314626
40314699
40314794
40314900
40315035
40315052
40319392
40319532
40319626
40323336
40323485
40323545
40327035
40327249
40327279
40327385
40331040
40331052
40331073
40331193
40331305
40335249
40335469
40339902
40340189
40352540
40358244
40360478
40360730
40363232
40363260
40363279
40369351
40378727
40380608
40387740
40387742
40387769
40387774
40387812
40387850
40387860
40387867
40387880
40387885
40387890
40387937
40387952
40387968
40387973
40387993
40388017
40388031
40388041
40388056
40388057
40388066
40388076
40388108
40388126
40388137
40388140
40388148
40388157
40388196
40388226
40388234
40388244
40388252
40388290
40388292
40388308
40388310
40388331
40388340
40388353
40388357
40388362
40388366
40388368
40388391
40388392
40388398
40388404
40388416
40388421
40388446
40388455
40388467
40388486
40388497
40388500
40388505
40388512
40388515
40388523
40388533
40388554
40388579
40388584
40388598
40388603
40388627
40388629
40388670
40388672
40388704
40388712
40388732
40388735
40388738
40388741
40388749
40388757
40388771
40388780
40388797
40388819
40388827
40388833
40388854
40388863
40388865
40388871
40388893
40388894
40388902
40388907
40388914
40388921
40388947
40388949
40388955
40389001
40389008
40389013
40389025
40389031
40389043
40389067
40395613
40395618
40395680
40395698
40395809
40395925
40401448
40401496
40401678
40407253
40410861
40410895
40414312
40414376
40414385
40417459
40417548
40417559
40417606
40417617
40417644
40417670
40420009
40420152
40420191
40420223
40423618
40423628
40423655
40423671
40423769
40423810
40423814
40423822
40423828
40423829
40423839
40423845
40423855
40423944
40424043
40424135
40424156
40424189
40428921
40429087
40429275
40429283
40429358
40429443
40429522
40433793
40433909
40434053
40434070
40434245
40437968
40438348
40441619
40444120
40453125
40453135
40453149
40453176
40453209
40453234
40453238
40453258
40453268
40453293
40453298
40453304
40455785
40455894
40458101
40460038
40460087
40462217
40464198
40464282
40468827
40468877
40468881
40468934
40468949
40468981
40472512
40472778
40472802
40472813
40472850
40472870
40476736
40479481
40483056
40483092
40483103
40483115
40483123
40483128
40483131
40483143
40483152
40483193
40483200
40483206
40483222
40483227
40483279
40487145
40487215
40489383
40489402
40489455
40493702
40493778
40497311
40497336
40497359
40497364
40497399
40497403
40497404
40497423
40497431
40497436
40497438
40497455
40497459
40497460
40497464
40497468
40497492
40497509
40497513
40497516
40497526
40497538
40497541
40497550
40497557
40497613
40497621
40497629
40497649
40497697
40497698
40497719
40497749
40497755
40497759
40497766
40497778
40497779
40497783
40497810
40497846
40497848
40497853
40497856
40497892
40497895
40497906
40497913
40497917
40497927
40497940
40497953
40497959
40497963
40497967
40497998
40497999
40498005
40498006
40498034
40498037
40498044
40498055
40498064
40498066
40498074
40498101
40498112
40498119
40498125
40498132
40498140
40498201
40498224
40498233
40498236
40498237
40498246
40498247
40498253
40498255
40498265
40498282
40498293
40498319
40498362
40498386
40498392
40498399
40498408
40498448
40498468
40498470
40498477
40498481
40498504
40498505
40498516
40498524
40498566
40498569
40498572
40498580
40498588
40498595
40498606
40498611
40498616
40498642
40498652
40498674
40498680
40498683
40498689
40498709
40498722
40498723
40498725
40498749
40498759
40498760
40498767
40498777
40498790
40498813
40498850
40498854
40498855
40498856
40498865
40498867
40498869
40498889
40498893
40498900
40498913
40498916
40498918
40498920
40498935
40498941
40498953
40498954
40498957
40498959
40498969
40498972
40499004
40499005
40499009
40499025
40499027
40499040
40499047
40499055
40499092
40499097
40499116
40499123
40499149
40499166
40499228
40499266
40499272
40499276
40499290
40499312
40499324
40499358
40499382
40530119
40542695
40549753
40552006
40553847
40624398
40624431
40658497
40664961
41719298
41935016
41935057
41935062
41935071
41935085
41935796
41935824
41935827
41935843
41936932
41936948
41937302
41937349
41937674
41937684
41937705
41938074
41938096
41938459
41938462
41938832
41938862
41938876
41939160
41939176
41939492
41939796
41939797
41940352
41940361
41940597
41940603
41941206
41941517
41941813
41941815
41941819
41942107
41942114
41942123
41942474
41942760
41943035
41943036
41943045
41943575
41943815
41944103
41944838
41945484
41945744
41945975
41945976
41946315
41946349
41946682
41947030
41948586
41948601
41948612
41949314
41953067
41954632
41954647
41954661
41954665
41954669
41955148
41955165
41955169
41955170
41955171
41955176
41955191
41955199
41955203
41955765
41955785
41955795
41956418
41956656
41956999
41957002
41957660
41957950
41957957
41957961
41957974
41958401
41958409
41958414
41958766
41958772
41958781
41961008
41961010
41961684
41961689
41963588
41964862
41965622
41967870
41968278
41968310
41969108
41969125
41969471
41970399
41970737
41970753
41971151
41971845
41974174
41974568
41974591
41975315
41975639
41976364
41977022
41977670
41977675
41979445
41980420
41981163
41988707
41988880
41990988
42013546
42013664
42013676
42016940
42017234
42019876
42033866
42034921
42037840
42039319
42039898
42039972
42041095
42043699
42043740
42046095
42049681
42088733
42088795
42095990
42101880
42104770
42106512
42108716
42122035
42122468
42134512
42135692
42297309
42299944
42299951
42300113
42337259
42496172
42504476
42505382
42680883
42700957
42847477
42847497
42847517
42848741
43052548
43125515
43126662
43129013
43129149
43129657
43160947
43162461
43181558
43181568
43181724
43181752
43181763
43184225
43189678
43192002
43193304
43203249
43207443
43222275
43224837
43224859
43226561
43226586
43229386
43232425
43234575
43239094
43245243
43287547
43293551
43309305
43351581
43519418
50004087
50004401
50004450
50005013
50012661
50012662
50012663
50012664
50012666
50012691
50012692
50012694
50013183
50013184
50013185
50013498
50013779
50027387
50027405
50027421
50027428
50027431
50027452
50027465
50027488
50027547
50027980
50028166
50028222
50028453
50028520
50028553
50028555
50028882
50028949
50029356
50029383
50029600
50029656
50029672
50029782
50037064
50037082
50037091
50037096
50037110
50037112
50037126
50037141
50037171
50037185
50037189
50037190
50037191
50037193
50037194
50037196
50037197
50037200
50037215
50042047
50042094
50042159
50042188
50042231
50042236
50042239
50042340
50042365
50042378
50042380
50042420
50042488
50042494
50042552
50042589
50042593
50042626
50042633
50042642
50042713
50046572
50046574
50046575
50046583
50046597
50046598
50046599
50046600
50046601
50046602
50046607
50046622
50046623
50046624
50046626
50046627
50046628
50046630
50046633
50046634
50046635
50046636
50046637
50046640
50046641
50046642
50046643
50046650
50046651
50046670
50046671
50046673
50046674
50046699
50047170
50047171
50047173
50047174
50047179
50047180
50057313
50057316
50057325
50057329
50057506
50057507
50057510
50057512
50057514
50057515
50057517
50057518
50062585
50062615
50062619
50062713
50062714
50062726
50062815
50062831
50062906
50062920
50062971
50062984
50063053
50063060
50063071
50063074
50063078
50063083
50063084
50063096
50063139
50063146
50063151
50063157
50063234
50063248
50063251
50063254
50063278
50063281
50063286
50063307
50063311
50063375
50063389
50063393
50063399
50063408
50063428
50063430
50063436
50063437
50063438
50063443
50063460
50063461
50063491
50063500
50063518
50063549
50063554
50063567
50063601
50063629
50063654
50063675
50067249
50067251
60009954
60009955
60009956
60009957
60009958
60009959
60009960
60009965
60009972
60009973
60009974
60009975
60009977
60009979
60009981
60009982
60009983
60009984
60009988
60009991
60009992
60009993
60009995
60010002
60010004
60010005
60010008
60010009
60010010
60010016
60010019
60010021
60010023
60010026
60010028
60010033
60010047
60010048
60010053
60010054
60010082
60010088
60010089
60010164
60010166
60010169
60010170
60010172
60010173
60010176
60010177
60010191
60010192
60010193
60010195
60010197
60010200
60010201
60010202
60010205
60010206
60010207
60010208
60010209
60010210
60010213
60010214
60010215
60010216
60010219
60010220
60010221
60010222
60010223
60010224
60010225
60010226
60010227
60010228
60010229
60010232
60010233
60010236
60010237
60010238
60010240
60010242
60010245
60010248
60010249
60010250
60010252
60010253
60010254
60010255
60010256
60010257
60010259
60010261
60010262
60010263
60010267
60010269
60010271
60010272
60010273
60010274
60010275
60010278
60010279
60010280
60010281
60010282
60010283
60010284
60010286
60010288
60010291
60010293
