50001235
50001238
50001242
50001245
50001247
50001248
50001317
50001318
50001319
50001323
50001543
50001546
50001644
50001646
50001647
50001652
50001800
50001823
50001824
50001851
50001861
50001937
50001938
50002413
50002420
50002421
50002430
50002431
50002435
50002444
50002446
50002448
50002452
50002456
50002462
50002463
50002725
50002726
50002728
50002735
50002736
50002849
50002881
50002886
50003190
50003524
50003636
50003643
50003648
50003699
50003701
50003703
50003855
50006012
50006013
50010435
50010436
50010438
50010442
50010444
50010445
50010449
50010450
50010452
50010457
50010458
50010460
50010462
50010463
50010465
50010468
50010471
50010473
50010474
50010475
50010478
50010481
50010482
50010483
50010484
50010485
50010487
50010489
50010491
50010493
50010507
50010577
50010579
50010586
50010587
50010588
50010591
50010596
50010597
50010599
50010601
50010602
50011666
50011707
50011735
50011737
50011740
50011741
50011746
50011747
50011751
50011753
50011755
50011758
50011762
50011774
50011775
50011789
50011793
50011797
50011798
50011800
50011801
50011811
50011815
50011816
50011817
50011818
50011819
50012679
50012680
50012681
50012682
50012684
50012685
50012686
50012687
50012981
50012982
50012983
50012985
50012987
50012988
50012994
50013191
50013192
50013193
50013307
50013311
50013364
50013380
50013435
50013460
50013461
50013531
50013534
50013535
50013537
50013539
50014116
50014190
50014210
50014214
50014222
50014223
50014225
50014242
50014244
50014246
50014260
50014266
50014268
50014277
50014281
50014289
50014292
50014298
50014306
50014312
50014313
50014317
50014321
50014322
50014326
50014327
50014335
50014337
50014341
50014350
50014355
50014357
50014360
50014362
50014366
50014367
50014368
50014373
50014375
50014379
50014382
50014383
50014389
50014391
50014396
50014404
50014406
50014407
50014413
50014416
50014422
50014424
50014427
50014429
50014431
50014433
50014438
50014439
50014449
50014462
50014467
50014469
50014471
50014481
50014482
50014486
50014488
50014498
50014499
50014501
50014502
50014503
50014505
50014507
50014509
50014512
50014513
50014514
50014517
50014521
50014528
50014533
50014537
50014539
50014546
50014550
50014551
50014554
50014556
50014558
50014561
50014567
50014575
50014580
50014583
50014587
50014590
50014593
50014596
50014604
50014608
50014610
50014612
50014613
50014614
50014618
50014624
50014625
50014627
50014631
50014632
50014633
50014636
50014637
50014641
50014643
50014645
50014648
50014651
50014654
50014663
50014666
50014667
50014674
50014683
50014693
50014695
50014704
50014710
50014712
50014716
50014719
50014730
50014731
50014737
50014741
50014747
50014752
50014753
50014755
50014762
50014776
50014814
50014816
50014826
50014828
50014830
50014831
50014836
50014841
50014845
50014846
50014861
50014864
50014866
50014868
50014874
50014879
50014884
50014889
50014897
50014898
50014899
50014908
50014909
50014911
50014916
50014925
50014936
50014941
50014945
50014950
50014956
50014957
50014959
50014960
50014964
50014968
50014973
50014983
50014996
50014998
50015013
50015017
50015023
50015024
50015025
50015031
50015040
50015044
50015048
50015050
50015083
50015086
50015087
50015095
50015105
50015112
50015114
50015124
50015129
50015130
50015132
50015133
50015138
50015142
50015148
50015150
50015157
50015164
50015169
50015172
50015184
50015187
50015196
50015197
50015199
50015202
50015204
50015211
50015213
50015220
50015221
50015228
50015235
50015237
50015238
50015240
50015244
50015246
50015249
50015258
50015265
50015275
50015280
50015282
50015287
50015289
50015297
50015317
50015327
50015331
50015333
50015334
50015336
50015337
50015340
50015344
50015347
50015348
50015349
50015353
50015361
50015362
50015366
50015367
50015370
50015376
50015400
50015406
50015407
50015410
50015417
50015426
50015427
50015434
50015438
50015439
50015440
50015446
50015452
50015457
50015458
50015469
50015477
50015479
50015484
50015495
50015505
50015509
50015512
50015518
50015528
50015532
50015548
50015553
50015567
50015568
50015572
50015577
50015586
50015599
50015600
50015601
50015612
50015625
50015628
50015632
50015633
50015635
50015636
50015655
50015657
50015662
50015668
50015672
50015680
50015699
50015703
50015723
50015732
50015737
50015743
50015748
50015757
50015763
50015778
50015780
50015782
50015783
50015789
50015790
50015793
50015809
50015814
50015821
50015822
50015828
50015833
50015837
50015842
50015844
50015846
50015848
50015854
50015858
50015864
50015866
50015876
50015878
50015879
50015881
50015886
50015889
50015891
50015896
50015901
50015913
50015919
50015922
50015936
50036324
50036327
50036331
50036332
50036339
50036342
50036344
50036351
50036352
50036356
50036357
50036362
50036365
50036367
50036378
50036380
50036385
50036389
50036390
50036392
50036393
50036402
50036403
50036405
50036415
50037671
50037679
50037692
50037706
50037728
50037729
50037743
50037746
50037758
50037774
50037776
50037778
50037780
50037781
50037786
50037810
50037814
50037823
50037827
50037838
50037856
50037865
50037875
50037889
50037891
50037907
50037913
50037915
50037917
50037921
50037929
50037930
50037944
50037951
50037959
50038019
50038042
50038051
50038054
50038073
50038088
50038110
50038117
50038122
50038126
50038130
50038158
50038160
50038179
50038200
50038205
50038218
50038245
50038247
50038263
50038272
50038293
50038295
50038302
50046338
50046339
50046340
50046341
50046800
50046801
50046802
50046803
50046804
50046805
50046806
50046807
50046808
50046809
50046810
50046811
50046812
50046813
50046814
50046815
50046816
50046817
50046818
50046819
50046820
50046821
50046822
50046823
50046824
50046825
50046826
50046828
50046829
50046830
50046831
50046832
50046833
50046834
50046835
50046836
50046837
50046838
50046839
50046840
50046841
50046842
50046843
50046844
50046845
50046846
50046847
50046848
50046849
50046850
50046851
50046852
50046853
50046854
50046855
50046856
50046857
50046858
50046859
50046860
50046861
50046862
50046863
50046864
50046865
50046866
50046867
50046868
50046869
50046870
50046871
50046872
50046873
50046874
50046875
50046876
50046877
50046878
50046879
50046880
50046881
50046882
50046883
50046884
50046885
50046886
50046887
50046888
50046889
50046890
50046891
50046892
50046893
50046894
50046895
50046896
50046897
50046898
50046899
50046900
50046901
50046902
50046903
50046904
50046905
50046908
50046909
50046910
50046911
50046915
50046916
50046917
50046918
50046919
50046920
50046921
50046922
50046923
50046927
50046928
50046930
50046931
50046932
50046934
50046935
50046936
50046939
50046942
50046943
50046944
50046945
50046946
50046948
50046952
50046953
50046954
50046955
50046957
50046958
50046959
50052191
50052192
50052196
50052198
50052199
50052200
50052201
50052202
50052203
50052204
50052205
50052206
50052207
50052208
50052209
50052210
50052211
50052212
50052213
50052214
50052215
50052258
50052262
50052263
50052264
50052265
50052266
50052267
50052268
50052269
50052270
50052272
50052273
50052274
50052275
50052276
50052277
50052278
50052342
50052343
50052346
50052347
50052348
50052349
50052350
50052351
50052352
50052353
50052354
50052355
50052356
50052357
50052358
50052359
50052360
50052439
50052440
50052442
50052443
50052444
50052445
50052446
50052448
50052449
50052451
50052453
50052454
50052455
50052456
50052457
50052458
50052459
50056478
50056479
50056480
50056481
50056482
50056483
50056484
50056485
50056486
50056487
50056488
50056489
50056490
50056491
50056492
50056493
50056494
50056495
50056497
50056498
50056500
50056501
50056502
50056503
50056504
50056505
50056506
50056507
50056508
50056509
50056510
50056511
50056512
50056570
50056575
50056578
50057607
50057608
50057609
50057610
50057613
50057614
50057616
50057625
50057626
50057627
50057628
50057629
50057630
50057632
50057637
50057638
50057639
50057641
50057652
50057663
50057666
50057672
50057673
50057685
50057686
50057688
50057690
50057691
50057692
50057693
50057694
50057697
50057699
50057702
50057703
50057707
50057708
50057712
50057713
50057715
50057721
50057723
50057724
50057726
50057728
50057729
50057745
50057749
50057750
50057755
50057756
50057769
50057771
50057775
50057776
50057779
50057780
50057782
50057786
50057789
50057792
50057794
50057809
50057814
50057817
50057818
50057823
50057831
50057832
50057834
50057837
50057839
50057841
50057842
50057848
50057854
50057855
50057860
50057861
50057862
50057868
50057870
50057871
50057873
50057874
50057875
50057884
50057887
50057889
50057896
50057897
50057901
50057905
50057906
50057908
50057909
50057915
50057918
50057919
50057924
50057925
50057928
50057932
50057950
50057957
50057961
50057970
50057974
50057977
50057993
50057995
50057999
50058010
50058011
50058012
50058016
50058018
50058024
50058031
50058034
50058035
50058036
50058038
50058041
50058043
50058047
50058049
50058050
50058052
50058055
50058056
50058058
50058061
50058063
50058065
50058076
50058079
50058080
50058081
50058088
50058089
50058090
50058093
50058095
50058100
50058103
50058106
50058111
50058114
50058115
50058120
50058125
50058127
50058134
50058135
50058137
50058141
50058144
50058148
50058149
50058150
50058152
50058153
50058156
50058162
50058166
50058171
50058179
50058184
50058190
50058194
50058201
50058207
50058210
50058218
50058220
50058227
50058228
50058232
50058241
50058248
50067228
60000007
60000029
60000035
60000037
60000039
60000040
60000041
60000046
60000047
60000048
60000049
60000050
60000053
60000056
60000059
60000063
60000064
60000067
60000069
60000070
60000071
60000072
60000074
60000075
60000076
60000077
60000082
60000084
60000086
60000087
60000088
60000089
60000090
60000091
60000094
60000096
60000097
60000098
60000110
60000111
60000112
60000113
60000114
60000115
60000116
60000117
60000118
60000119
60000120
60000121
60000122
60000123
60000124
60000125
60000126
60000127
60000128
60000129
60000130
60000131
60000132
60000133
60000134
60000135
60000136
60000137
60000138
60000139
60000140
60000141
60000142
60000143
60000144
60000145
60000146
60000147
60000148
60000149
60000150
60000151
60000152
60000153
60000154
60000155
60000156
60000157
60000158
60000160
60000161
60000162
60000165
60000166
60000169
60000170
60000171
60000173
60000175
60000176
60000177
60000178
60000179
60000180
60000181
60000182
60000183
60000184
60000185
60000186
60000187
60000188
60000189
60000190
60000191
60000192
60000193
60000194
60000195
60000196
60000197
60000198
60000199
60000200
60000201
60000202
60000203
60000204
60000205
60000206
60000207
60000208
60000209
60000210
60000211
60000212
60000213
60000214
60000215
60000216
60000217
60000218
60000219
60000220
60000221
60000222
60000223
60000224
60000225
60000226
60000227
60000228
60000229
60000230
60000231
60000232
60000233
60000234
60000235
60000236
60000237
60000238
60000239
60000240
60000241
60000242
60000243
60000244
60000272
60000273
60000274
60000281
60000288
60000297
60000298
60000316
60000329
60000341
60000342
60000343
60000344
60000345
60000346
60000347
60000348
60000349
60000350
60000351
60000352
60000353
60000356
60000357
60000358
60000359
60000360
60000361
60000362
60000363
60000364
60000365
60000367
60000368
60000369
60000374
60000375
60000376
60000377
60000378
60000379
60000380
60000381
60000382
60000383
60000384
60000385
60000386
60000387
60000388
60000389
60000390
60000391
60000392
60000393
60000773
60000777
60000779
60000782
60000784
60000793
60000800
60000801
60000802
60000803
60000804
60000805
60000806
60000807
60000809
60000811
60000812
60000813
60000814
60000815
60000816
60000827
60000828
60000829
60000830
60000831
60000832
60000834
60000836
60000837
60000839
60000840
60000841
60000844
60000846
