2,180
2,179
2,178
2,176
2,174
2,173
2,172
2,171
2,170
2,169
2,168
2,167
2,166
2,165
2,164
2,163
2,162
2,161
2,159
2,158
2,157
2,155
2,154
2,152
2,150
2,119
2,118
2,117
2,113
2,76
2,74
2,69
2,3
2,2
2,1
2,0
1,64
1,29
1,27
1,26
1,25
1,24
1,22
1,15
1,3
1,2
1,1
1,0
0,885
0,884
0,883
0,882
0,651
0,316
0,315
0,314
0,243
0,9
0,310
0,305
0,414
0,413
0,412
0,411
0,410
0,409
0,408
0,506
0,801
0,795
0,829
0,824
0,820
0,814
0,807
0,803
0,790
0,785
0,782
0,777
0,772
0,496
0,492
0,487
0,479
0,458
0,449
0,791
0,388
0,1027
0,429
0,387
0,430
0,1026
0,386
0,1025
0,1024
0,385
0,431
0,441
0,428
0,384
0,510
0,826
0,798
0,797
0,827
0,769
0,828
0,830
0,831
0,823
0,822
0,819
0,817
0,815
0,792
0,806
0,793
0,800
0,796
0,788
0,786
0,784
0,783
0,780
0,778
0,776
0,497
0,773
0,771
0,494
0,493
0,491
0,489
0,486
0,481
0,473
0,452
0,459
0,462
0,461
0,308
0,304
0,303
0,302
0,307
0,12
0,373
0,10
0,451
0,8
0,0
0,423
0,300
0,422
0,299
0,588
0,298
0,380
0,297
0,420
0,296
0,585
0,295
0,379
0,294
0,418
0,293
0,584
0,292
0,365
0,291
2,183
2,185
2,226
3,0
3,2
3,3
3,5
4,0
4,1
4,3
1028,3
1028,1
1028,6
2029,3
2029,1
2029,5
2029,7
2029,8
2029,10
3026,0
3026,3
3027,3
3028,0
3029,0
3029,4
3029,1
3029,6
3029,7
3029,9
3029,10
3029,12
3029,14
3029,15
3030,3
3031,0
3032,0
3033,0
3033,3
3034,3
3035,0
3036,3
3037,3
3039,3
3040,3
3041,3
3043,3
3044,0
3045,3
3047,3
4030,3
4030,1
3047,0
3045,0
3042,3
3040,0
3039,0
3036,0
3034,0
3032,3
3031,3
3030,0
3029,13
3029,11
3029,8
3029,5
3029,3
3028,3
3027,0
2029,11
2029,9
2029,6
2029,4
1028,5
1028,4
4,2
3,6
3,4
