#
# Data file created by trmeshi_ssv.m on 28-Nov-2016
#
# Vertex list:  x y
 479  Number of vertices
         9.36729866e-01         7.14482643e-01
         9.06496636e-01         8.66117586e-01
         7.48447035e-01         8.71394131e-01
         7.16308532e-01         8.23155719e-01
         5.89174402e-01         6.88187920e-01
         4.70791732e-01         7.22234779e-01
         4.22173312e-01         6.62966531e-01
         3.35174410e-01         7.18960620e-01
         2.44581437e-01         7.31833603e-01
         2.92761756e-01         8.41661327e-01
         7.32125538e-02         8.87209173e-01
         6.38419320e-02         9.50143770e-01
         1.01599864e-02         9.84080429e-01
        -3.57575101e-02         9.81826344e-01
        -2.21235614e-01         9.75862900e-01
        -2.62366298e-01         8.95984418e-01
        -3.03849132e-01         9.00109237e-01
        -5.11418459e-01         8.44418840e-01
        -5.57082314e-01         8.64053264e-01
        -7.32959202e-01         8.08990959e-01
        -7.19902881e-01         9.12486346e-01
        -7.85896067e-01         9.81280710e-01
        -8.08960049e-01         9.84263640e-01
        -9.18805981e-01         8.54662056e-01
        -9.50324179e-01         8.35864542e-01
        -9.77236094e-01         7.02683112e-01
        -9.55113677e-01         6.77161018e-01
        -9.47635609e-01         6.15995562e-01
        -9.65165788e-01         5.94162425e-01
        -9.84566308e-01         5.50342232e-01
        -9.40233408e-01         2.29607816e-01
        -9.12649272e-01         8.71961557e-02
        -9.83911939e-01        -3.20259783e-02
        -8.97066067e-01        -5.32960466e-02
        -8.85050950e-01        -6.24546177e-02
        -8.83099194e-01        -7.90097079e-02
        -9.29392710e-01        -1.72980815e-01
        -9.13541720e-01        -2.79550070e-01
        -9.79437587e-01        -3.63038478e-01
        -9.20091377e-01        -4.82629819e-01
        -8.51336631e-01        -5.37289949e-01
        -7.76776542e-01        -6.39529728e-01
        -7.35777242e-01        -6.12036616e-01
        -6.68297001e-01        -6.75649986e-01
        -5.96554654e-01        -6.68282581e-01
        -4.58020319e-01        -8.10699887e-01
        -4.69832751e-01        -8.57489846e-01
        -5.17590765e-01        -9.75403188e-01
        -6.54686054e-02        -9.46776216e-01
         2.63440604e-02        -9.90704834e-01
         1.47056840e-01        -9.25309483e-01
         1.91462756e-01        -8.62497645e-01
         2.36802659e-01        -8.52228646e-01
         3.12401909e-01        -8.46813956e-01
         4.08834016e-01        -8.24030621e-01
         4.81360899e-01        -8.14302916e-01
         6.12444422e-01        -8.11627039e-01
         6.85039870e-01        -9.57784719e-01
         7.99024615e-01        -7.65861128e-01
         8.32849509e-01        -7.74330447e-01
         9.93766613e-01        -7.99904386e-01
         9.57586611e-01        -6.29366472e-01
         9.78129640e-01        -5.96049179e-01
         9.39422447e-01        -5.11750441e-01
         9.73766175e-01        -4.21082681e-01
         9.07258834e-01        -2.71268924e-01
         9.57417199e-01        -2.29340148e-01
         9.21223424e-01        -1.18863426e-01
         9.28463159e-01        -8.02976024e-02
         8.87064039e-01         3.32829558e-02
         8.59341709e-01         6.81734458e-02
         8.98208864e-01         1.75163766e-01
         9.19987323e-01         2.32708720e-01
         8.47064670e-01         4.03164630e-01
         9.56556390e-01         4.97768186e-01
         9.56567388e-01         5.27898006e-01
         8.55738365e-01         6.60119259e-01
        -1.80740094e-01        -5.14146389e-02
        -3.69718093e-01        -1.72698184e-01
         5.16230745e-02         1.32583583e-01
         8.21776415e-02        -1.76321310e-01
        -3.78816556e-01         6.54625594e-02
        -2.30916724e-01         2.23654076e-01
        -8.37641864e-01         9.50423437e-01
         2.90060089e-01        -2.83741557e-01
        -1.50346552e-01        -2.96569691e-01
        -5.95705638e-01         3.50235748e-01
        -3.71611270e-01         8.81928803e-01
         2.95193701e-01        -1.64427126e-02
         2.84395659e-01         2.05560751e-01
        -4.22219606e-01         2.67494393e-01
        -3.28448872e-01        -9.63427310e-01
        -9.60582081e-01         7.85100334e-01
         6.25184813e-02        -3.93376187e-01
        -9.54364501e-01         3.31841778e-01
        -5.19465430e-01        -7.47532534e-01
        -5.13593001e-01        -5.45456884e-02
        -6.97034604e-02         3.49730148e-01
         3.92979607e-01        -4.64031320e-01
         4.87875230e-01        -1.30872332e-01
         5.72890430e-01        -4.26941766e-01
        -8.81124630e-01         8.99120350e-01
         4.84641985e-01        -3.27968346e-01
         1.32899988e-02         4.94560853e-01
         6.02468320e-01        -2.66990557e-01
        -4.67429171e-01         4.52279955e-01
        -1.14276524e-01        -4.84839173e-01
         9.17938687e-01        -5.14231875e-02
         4.50044985e-01         2.73450106e-01
        -6.04099198e-01         5.20093428e-01
        -2.85348887e-01         3.92085567e-01
         6.42396563e-01         5.57363583e-01
        -1.32691446e-01         9.78709749e-01
        -5.07917514e-01        -2.53196840e-01
        -1.67196939e-01         5.07365367e-01
         8.91379278e-01         6.13381861e-01
         6.19070381e-02        -5.62156102e-01
         1.55788702e-02         6.44357531e-01
        -6.88035154e-01         6.32380283e-01
        -1.01124377e-01        -6.28917637e-01
        -1.09060300e-01         6.36145305e-01
        -7.31010597e-01         5.29754655e-01
        -1.78700103e-01         7.14425244e-01
        -9.00548744e-01         8.76202834e-01
        -3.28296515e-01        -3.88752000e-01
        -3.39580923e-01         8.90522476e-01
         2.32904716e-01         8.54079314e-01
         6.23534408e-01        -1.25972327e-01
        -6.62888981e-01         8.30928053e-01
        -5.71838112e-01         1.51453160e-01
         5.30554524e-01        -5.53361804e-01
        -5.55754034e-01        -7.10226800e-01
         4.57627717e-01         1.00263913e-01
         1.32050321e-01         3.37166256e-01
        -4.10215924e-01         8.71571259e-01
         7.06014328e-01        -9.22468649e-01
         9.47857050e-01        -2.00159054e-01
         8.85277090e-01         1.39566238e-01
        -6.24154913e-01        -3.03665125e-01
         6.37236246e-01         7.39211208e-01
         9.51015681e-01        -3.69835150e-01
        -4.99292023e-01        -4.02801686e-01
        -9.52643355e-01         6.56955482e-01
        -9.62669063e-01         3.91922637e-01
        -8.23486372e-01        -5.75479339e-01
        -4.32447632e-01        -9.70012189e-01
        -9.71130501e-01         7.32898413e-01
         6.73697567e-01        -4.78553276e-01
        -7.29814933e-02         7.33397113e-01
        -7.80780359e-01         8.17501631e-01
        -5.23552414e-01        -5.03834024e-01
        -4.74818376e-01         8.54238562e-01
         5.76008371e-01         1.90914178e-02
        -6.24946697e-01        -1.65496850e-01
        -7.83950258e-01         6.21481939e-01
        -2.08698025e-01        -7.07845850e-01
        -3.41691331e-01         5.42987861e-01
         5.79421750e-01         3.41606182e-01
         2.17216610e-01        -4.71980802e-01
        -6.99647000e-01         4.23959610e-01
        -6.44550521e-01        -4.53877373e-03
        -2.49273584e-01        -5.63537619e-01
         5.63700311e-01         1.91814824e-01
        -4.77364534e-01         5.79251212e-01
         6.98434211e-01        -2.31456887e-01
         8.74156733e-01         3.39837226e-01
        -9.09994289e-01        -1.33604003e-01
         9.83840995e-01        -7.53119030e-01
        -9.55079001e-01        -3.90876676e-02
         4.64185229e-01         4.28894793e-01
        -9.65812831e-01         7.59214446e-01
         3.13878186e-01         3.63679028e-01
        -9.70807991e-01         4.50805187e-01
         8.89976507e-01         4.40241519e-01
         9.59861817e-01        -7.94516027e-01
         8.95708501e-01         9.56644246e-03
        -7.45896840e-01         9.39583656e-01
         1.03201802e-01         6.99405065e-01
        -8.25503734e-01         7.05355547e-01
         8.78309983e-02        -9.57394692e-01
        -7.04185034e-01        -6.41818472e-01
         9.28655473e-01        -3.19466775e-01
         7.26956763e-01        -8.87206497e-01
         8.54751675e-01         8.67845111e-01
        -4.92798789e-01        -9.14192419e-01
        -1.79038729e-01         9.77219603e-01
         9.37873464e-01        -1.69685476e-01
         9.62386109e-01        -5.61762017e-01
        -9.49504469e-01        -4.23358114e-01
        -2.29759641e-01         9.59308681e-01
         8.56171507e-01         7.47842005e-01
         3.61339802e-01        -8.35251744e-01
        -2.39656145e-01        -9.57805230e-01
         5.42877727e-01        -8.13047141e-01
        -9.73246306e-01         5.75910859e-01
         1.72481119e-01        -8.89347029e-01
         9.20331209e-01        -7.23862137e-01
        -7.05928231e-01        -1.04799068e-01
        -7.55667744e-01         7.20971434e-01
        -6.22111815e-01        -4.22681727e-01
         2.66663043e-01        -5.78612496e-01
        -2.45429418e-01         6.30416317e-01
        -3.66389674e-01         6.42721377e-01
        -3.94792217e-01        -5.08753667e-01
         1.88422019e-01         4.65993533e-01
         6.80264484e-01        -2.05086102e-02
         6.47166712e-01        -5.84534517e-01
        -7.70441428e-01         8.79883669e-01
        -8.18071437e-01         7.69729000e-01
         1.45973933e-02        -6.85889086e-01
         5.37313413e-01         5.47742131e-01
         6.58145512e-01         1.17163536e-01
        -7.93967295e-01         4.24133488e-01
        -5.72674483e-01         6.51575894e-01
        -1.32829564e-01         7.89169187e-01
         6.98945843e-01         4.23745254e-01
         6.88146030e-01        -3.58249034e-01
        -2.87263011e-01        -8.45448294e-01
         7.46150845e-01        -8.54888162e-01
         9.10188133e-01         5.88717034e-01
         7.50174094e-01        -5.27637092e-01
        -3.37642417e-01        -6.26815581e-01
         5.84353903e-01        -6.84235057e-01
         1.20234633e-01         5.81944058e-01
         6.77658792e-01         2.62700048e-01
        -4.57493428e-02         8.07367133e-01
        -8.54374550e-01         9.30681399e-01
        -7.47522839e-01         2.66691586e-01
         7.74031620e-01        -2.01962597e-01
         7.86912256e-01         7.81542756e-01
        -9.38439768e-01        -4.31629058e-02
         9.75236100e-01        -7.12559033e-01
        -7.36358614e-01        -3.63102085e-01
        -8.98555766e-01        -1.10384971e-01
        -7.24249675e-01        -2.34018698e-01
        -6.02448521e-01         8.49850329e-01
         8.73107407e-01         1.06066532e-01
         9.30067493e-01        -7.89780929e-01
         2.68000365e-01        -8.49994154e-01
         5.24133142e-01         7.06893788e-01
         3.75092186e-01         6.93268807e-01
         9.19912214e-01         7.98831675e-01
        -9.47571975e-01         2.87706242e-02
         6.76108164e-01         7.80478311e-01
        -9.55358421e-01         8.10951132e-01
         2.01746075e-02         7.48317030e-01
         3.67123181e-02         9.67294573e-01
         9.06662218e-01        -2.04856290e-02
        -4.89674122e-01        -7.78158862e-01
        -8.16370222e-02         9.80351238e-01
         2.69017348e-01         7.87535611e-01
        -8.22531038e-01         9.68251925e-01
         6.50686365e-01        -8.88620209e-01
         5.85338972e-01         4.55958649e-01
        -7.39532974e-01        -5.99662443e-04
         7.22974051e-01        -1.22858068e-01
         1.48065879e-01        -6.60737264e-01
        -8.13474654e-01         5.13863885e-01
        -8.58760536e-01         7.49480556e-01
        -4.60721879e-01         6.66713869e-01
        -9.23333277e-01        -4.68627489e-02
        -2.88782347e-01         7.08430626e-01
         8.73433995e-01         5.03019872e-01
        -7.86569965e-01         9.21317360e-01
         3.90513859e-01        -5.92299472e-01
        -8.46086433e-01         6.41682807e-01
         1.71046238e-01         8.66912522e-01
        -3.14751111e-01        -7.33148168e-01
         7.80172417e-01        -4.24255483e-01
         7.36479770e-01        -6.04963419e-01
         7.32403427e-01         1.70144799e-01
         3.29584449e-01         4.88982345e-01
         7.27567038e-01         5.70618687e-02
        -8.54633377e-01         8.04095390e-01
         6.57964309e-01        -7.39191341e-01
        -7.09514209e-01        -4.59545208e-01
        -4.46867417e-01        -5.92071967e-01
         8.06532589e-01        -5.80064538e-01
        -1.44145322e-01        -9.51757782e-01
        -8.43048063e-03         8.76242433e-01
         7.96903835e-01         8.69776383e-01
        -9.68972643e-02         8.64778777e-01
         7.71517086e-01        -3.06850852e-01
        -9.50223131e-01         6.37159714e-01
         7.92784583e-01         2.55128204e-01
         7.74442673e-01         6.89637171e-01
        -7.74844171e-01        -1.56714816e-01
        -8.05303736e-01         4.22843670e-02
         7.99754694e-01         4.85138060e-01
        -8.43782935e-01         5.82298195e-01
         2.80620040e-01        -6.72872515e-01
         6.81581042e-01        -6.63044517e-01
         7.52381476e-01        -4.23896534e-02
        -3.91528754e-01         7.13135002e-01
        -8.77377305e-01         5.27292699e-01
         7.60189091e-01        -8.31251048e-01
        -6.18315928e-01        -5.16613488e-01
        -8.80116696e-01         4.39612202e-01
        -3.93263230e-01        -6.84672786e-01
        -2.29738760e-01         7.75958823e-01
         8.91901335e-01        -2.11291104e-01
         7.88987602e-01        -1.18869196e-01
        -8.71525449e-01         6.98766075e-01
        -8.72027535e-01        -3.77551384e-01
        -8.18651997e-01         8.36672284e-01
         2.39786836e-01         5.68798167e-01
        -5.01246885e-01         7.32642094e-01
        -7.72987602e-01        -5.13061171e-01
        -9.59337076e-02        -7.49133788e-01
        -3.62949123e-01        -7.86932011e-01
        -7.42133415e-01         1.18518584e-01
         4.95629751e-01         6.37563828e-01
         7.78667661e-01         9.65405797e-02
         8.69121062e-01        -5.63125996e-01
         9.96987832e-02         8.00199028e-01
        -8.93509441e-01         7.83055665e-01
         8.37777160e-01        -5.03783420e-01
        -8.14713432e-01         8.85646668e-01
         4.72152583e-01        -6.58237561e-01
        -9.78286618e-01         5.04910674e-01
         8.47481196e-01        -6.26309326e-01
         3.05610909e-03        -7.97507857e-01
        -8.67551024e-01         9.15135152e-01
         8.00349338e-01         1.69329609e-01
        -2.47728704e-01         9.24411583e-01
         9.24972178e-01         4.70478645e-01
         8.55464089e-01        -3.48507160e-01
        -8.63963027e-01         3.41170402e-01
         2.91075824e-02         8.27913126e-01
        -8.11241182e-01        -4.49770541e-01
         1.18278285e-01         8.77859802e-01
         9.66672494e-01        -6.72193656e-01
        -8.84091476e-01        -7.05930181e-02
        -7.66944986e-01         9.61525222e-01
        -7.26838409e-01         8.57509512e-01
         8.90526739e-01        -7.83496868e-01
         9.57226158e-01        -4.64748478e-01
        -9.24595478e-01         1.48872153e-01
        -9.21815221e-01        -2.23925734e-01
         9.28962665e-01        -1.42486437e-01
         7.46267573e-01         5.79261201e-01
         6.69479106e-02         9.29283520e-01
        -7.61693142e-01        -7.63275609e-02
        -8.83546207e-01         3.34404898e-02
         9.07110636e-02        -7.48844668e-01
        -9.13893437e-01        -4.91747304e-02
         2.00553772e-01        -7.32254225e-01
        -3.35000912e-01         7.64108761e-01
        -3.82045923e-01        -8.93757297e-01
         7.72370417e-01        -8.10740550e-01
        -8.88879595e-01         5.91557172e-01
         7.76886858e-01        -6.54673753e-01
        -1.73467391e-01         8.43902699e-01
        -8.94420714e-01         7.36432116e-01
         7.88150735e-01         1.39359492e-02
         8.34412525e-01        -1.77647246e-01
        -4.15799169e-01        -8.36757382e-01
         8.13279903e-01        -5.37604955e-02
         3.72707938e-01        -6.91191471e-01
        -8.01786559e-01        -6.05234992e-01
        -5.91395135e-01         7.56708727e-01
        -1.78118784e-01        -8.40236651e-01
        -6.94379107e-01        -5.33509526e-01
         9.23371778e-01         5.71428778e-01
        -8.36808938e-01        -2.20082363e-01
        -6.67890441e-01         7.28819125e-01
        -5.48065545e-01        -5.88396023e-01
        -8.89747074e-01         6.53743344e-01
        -4.80389043e-01        -6.67576297e-01
        -8.54967825e-01         8.61492741e-01
         3.44962154e-01         5.95479385e-01
        -9.13029276e-01         6.97840707e-01
        -9.25873765e-01         4.91089682e-01
        -8.91299267e-01        -9.56550183e-02
        -4.43610451e-01        -7.30656777e-01
         7.18737288e-01         7.38071757e-01
         8.86065165e-01        -4.32852796e-01
         8.35924593e-01        -2.56277648e-01
        -5.15510069e-02         9.24609079e-01
         1.79214383e-01         7.70210516e-01
        -8.02048514e-01         9.51698614e-01
        -8.14708891e-01        -2.95280857e-01
        -7.93260717e-01        -2.51795708e-02
        -8.00747330e-01        -1.00686931e-01
         8.43741940e-01        -1.10005441e-01
        -6.35504708e-01        -5.99018111e-01
         7.84430038e-01        -7.90434975e-01
        -9.32481693e-01         5.41863942e-01
        -2.96847171e-01         8.14422934e-01
        -4.16857165e-01         7.73568740e-01
         8.57251184e-02        -8.54000129e-01
         7.24067611e-01        -7.13828870e-01
         1.48503914e-01        -7.88971541e-01
        -7.53807771e-01        -5.66485813e-01
         7.06561565e-01        -7.71967728e-01
         2.91987273e-01        -7.63100968e-01
        -5.43380137e-01         8.01577823e-01
         8.31101216e-01         5.63737185e-01
         4.32793620e-01         5.52546015e-01
         8.47974869e-01        -6.70245472e-03
        -8.22181106e-01         9.22255692e-01
        -4.92740534e-04         9.37653798e-01
        -8.45930569e-01         8.99486660e-01
        -1.65956550e-01         9.16461120e-01
        -8.86113206e-01         8.32949495e-01
         1.90624665e-01         6.61653854e-01
        -4.19170497e-01        -7.91563306e-01
        -9.19654414e-01         8.19776079e-01
        -7.99707356e-02        -8.57116834e-01
        -9.31034820e-01         7.49473053e-01
         9.02290451e-01        -6.09965303e-01
        -5.44274042e-01        -6.58920234e-01
        -8.39718682e-01        -1.84943406e-04
        -8.44440879e-01        -1.52076611e-01
         8.46632988e-01        -6.86349404e-01
        -9.32680287e-01         5.87806156e-01
        -2.41392666e-01         8.40178028e-01
        -4.80847672e-01         7.98867278e-01
         2.16141683e-01        -8.00506250e-01
         6.69480790e-01        -8.24944059e-01
        -9.18765901e-01         6.24064251e-01
        -3.70748331e-01         8.20026225e-01
         8.84407886e-01        -1.51027056e-01
         8.66482487e-01        -5.61941513e-02
        -7.66905328e-01        -6.06518227e-01
         9.39664196e-01         5.50063858e-01
         9.05194852e-01        -6.61883529e-01
        -7.00875672e-01        -5.87984107e-01
         4.34187776e-01        -7.46092157e-01
        -9.06293984e-01        -5.10359688e-02
         8.88644003e-01         5.51880383e-01
         2.82015515e-01         6.54943642e-01
        -9.25010504e-01         6.58915622e-01
         9.00360855e-01         2.78585376e-01
         8.61133932e-01        -7.78825582e-01
         3.70617358e-01        -7.70847473e-01
        -9.47562018e-01         7.11980161e-01
         7.54869409e-01        -7.53908942e-01
        -4.52859300e-01        -7.78375675e-01
        -9.29920106e-01         7.88680333e-01
         7.71010761e-01         3.36099764e-01
         8.29117031e-01         4.38259413e-02
         8.28802615e-03        -8.97755859e-01
        -8.90553656e-01         4.01183261e-04
         7.84520296e-01        -7.13165032e-01
         8.88870579e-01        -9.57305331e-02
        -2.13911870e-01         8.81966196e-01
         9.18837830e-01         5.15808331e-01
        -2.86581522e-01         8.59840085e-01
         5.04328198e-01        -7.37345284e-01
         9.44604930e-01        -5.94173985e-01
        -4.30252963e-01         8.23590013e-01
         1.58379819e-01        -8.36512813e-01
         7.18463633e-01        -8.23396006e-01
         8.28237001e-01         1.08446700e-01
        -3.30107380e-01         8.54565950e-01
         6.85014565e-01         6.58046933e-01
        -8.31576333e-01        -9.28262531e-02
        -8.58221077e-01        -2.72735575e-02
         8.25964013e-01        -7.33725697e-01
         8.67016211e-01        -7.40486962e-01
        -9.22617803e-01        -1.54302543e-02
        -4.41880740e-01         8.63075658e-01
        -1.06404133e-01         9.30587187e-01
         7.44649334e-01        -7.93611638e-01
         9.20949660e-01        -5.67542060e-01
         7.61093479e-01         8.35674695e-01
         8.55757865e-01         2.13842901e-01
        -8.87511821e-01        -2.49032291e-02
        -8.48383660e-01        -6.43110642e-02
        -8.27882448e-01        -4.57676135e-02
        -8.55880163e-01        -9.84199053e-02
         8.50630951e-01         1.56143453e-01
        -8.70568823e-01        -4.74874568e-02
        -8.67824804e-01        -7.29102623e-02
        -8.75983801e-01        -1.18202794e-01
        -9.05398855e-01        -3.61479488e-02
        -8.88314648e-01        -4.36960837e-02
        -8.74140224e-01        -9.38623484e-02
#
# Triangle list:  CCW-ordered vertex indices
 771  Number of triangles
        78        86        81
       157       202       203
       125       162       107
       130        91        87
       412        45       132
       125        79       114
       298       258       295
       213       160       122
       122       110       119
        87        91       106
       452       422       135
       111        98       115
       104       115        98
       429       450       319
       292       270       207
        94        81        86
       371         7       241
       201        99       159
       101       105       103
       309       210       120
       218        92       193
        80       134        98
       409       443       322
       367       277       151
       233       276       200
       142       151       204
        86        78        79
       154       198       235
       330        41       308
        97        79        82
       161        97       130
        82        83        91
       384       414       287
       161       311       255
       122       160       110
       130        82        91
       311       228       338
       335       208       150
       264       334       381
       130       228       311
       342       247       402
       307       260       294
       227       401        84
       111        91        83
        78        82        79
       246       226       149
        97        82       130
        90        80        89
       406       380       178
        80        90       134
       306       205       272
        91       111       106
         5       240       312
       376       140       457
       244       376         4
       170       172       109
         1       242       191
       184       191       242
        77       341       398
       109       158       170
       289        74       174
        94        85        81
       424       358       385
       358       400       355
       153       163       133
        81        85        89
        89        85       100
       340       423       187
       120       210       117
       396       359       291
        80        81        89
       148       131       207
        66       327       182
       100        85       103
       183       219       454
        99       101       103
       314       466        64
        86        79       125
       200       139       233
        89       133        90
        78        81        80
       194        57       223
       436       192        55
       104        98       134
        78        80        83
       300       348       262
        82        78        83
        20       335       150
        99        85       159
       221       269       148
       107        86       125
       193       279       362
       290       351       295
       305       150       208
       106       111       157
       133        89       100
       100       153       133
       158       216       254
       313       442       455
        87       110       160
       373       298       295
       117       107       120
       421       368       433
       291       201       257
       107       117        94
       130        87       228
       156       222       268
       114        97       154
       154       235       139
       202       121       123
        83        80        98
       327       141       182
        63       188       451
       206       212       153
       105       217       165
       321       427       411
        99       131       101
       199        20       150
       377       141       327
        85        99       103
       121       104       118
       224       118       104
       301       137       187
       100       103       105
       110       106       164
       157       164       106
        92       218       349
        94        86       107
       355       313       273
       116       398       431
        90       133       109
       179       199       209
        87       106       110
       348       294       262
        83        98       111
         1       191        77
       254       170       158
       404       113       186
       330       304        40
        79        97       114
       149       123       121
       104       121       115
       109       163       158
       419       239       396
       347       393       419
       226       246       329
       267       315       380
       410        93       171
       110       214       119
       146       185        48
       107       162       120
       226       215       149
       118       149       121
       433        27       143
       119       155       122
        17       449        16
       325       404       190
       199       150       209
       367        45       412
       114       142       125
       389       422       348
       329       315        11
       442        71       455
       100       105       128
       199       366        20
        37       365       414
       234       476       374
        57       253       420
        99       265       131
        96       375       369
       109       133       163
       163       225       158
       104       134       205
       172       205       134
       111       115       157
       275       420       395
       206       128       256
       166        74       441
       304       189        40
       114       154       139
       457       140         5
       105       101       217
       139       200       142
       114       139       142
       122       155       258
        31       228       328
       394       145       360
       193       362       218
       437        27       372
       238       168       197
       101       131       148
       250       113       464
       250       379        14
       405       274       370
        21       177       208
       181       386       428
       142       200       151
       164       157       203
       400       424       248
       100       128       153
       198       154       161
       130       311       161
       410       316       440
       119       366       199
       357       407        46
       120       162       156
       121       202       115
       294       390       307
       112       254       216
       216       341       112
       117       159        94
        85        94       159
        95        31       328
       328       298       144
       462       169       231
       154        97       161
        96       249       375
       125       142       204
       225       163       212
       285       468       434
        20       366       129
       164       260       214
       105       165       128
       283       229       165
       216       225       441
       365       287       414
       197       168       232
       344       288        32
       399       170       211
       254       211       170
       372       354       410
       109       172        90
       134        90       172
        95       328       144
       263       431       398
       168       175        61
        71       442        70
       264       177       334
       118       224       178
         9       251       380
       303       372       368
       155       199       179
       391       453       393
        45       367       386
       229       283       378
       275       292       223
       230       184       281
       146        92       349
       190       186        15
       446       423        68
       269       221       317
        41       330        40
       300       353       417
        77       191       286
       184       230       191
       265       201       291
       120       156       309
       223       319       450
       298       213       258
       391       345       322
       435       336       461
       221       207       270
       255       198       161
       288       344       413
       408       440       316
       155       119       199
       297       200       276
       428        43       181
       117       201       159
       396       239        54
       115       202       157
       348       422       390
        18       418       152
       452       152       418
       125       204       162
       132        96       369
       224       205       306
       306       406       224
       165       256       128
       153       128       206
       270       352       278
       131       223       207
       227       323       403
       177       264       208
       316       274       405
       405       408       316
       419       453        52
        49        50       443
       272       170       399
       312         7       399
       153       212       163
       468       473        72
       388       195        30
       122       258       213
       203       260       164
       110       164       214
       149       215       123
       447       404       325
       448        76       426
       158       225       216
        66       378       327
       101       148       217
       185       146       349
       156       268       218
       131       319       223
       341       289       398
       207       221       148
       317        64       377
       204       222       162
       156       162       222
       465       296       350
        57       275       223
       178       224       406
       104       205       224
        73       468        72
       468       324       473
        14       379       402
        11       342       280
       209       150       305
       213       228       160
        87       160       228
        67       137       301
       301       187       423
       376       230         4
         3         4       467
       261       462       231
       321       415       427
        39       189       304
       139       235       233
       235       198       287
       233       235       382
       287       365       235
       214       260       307
       324       313       455
       168       238       175
       192       436       396
         7       312         6
         9       432         8
       184       242         2
       169       243        33
       457       286       376
       354       259       316
       178       246       118
       149       118       246
       402       247        13
       293       256       302
       222       277       299
       404       282       464
       127       251        10
        84       401       381
       136       253        58
       211       254       112
       112         5       211
       472       475       479
        32       243       344
       446       385       423
       165       229       256
       210       257       117
       201       117       257
       416       195       388
       290       266       351
        25       245       408
       179       209       259
       129       366       361
       361       236       129
        35       478        34
       123       262       202
       203       202       262
        76       448        75
       289       174       263
       381       401       264
       381       252        84
       201       265        99
       450       194       223
       259       303       179
       155       179       266
       315       267       331
       310       268       299
       222       299       268
       337       377        64
       217       148       269
       223       292       207
       292       352       270
       206       273       212
       225       212       271
       170       272       172
       205       172       272
       256       293       206
       271       212       273
       305       274       209
       259       209       274
       183       420       253
       253       136       183
       308       276       330
        41       145       308
       151       277       204
       222       204       277
       270       278       221
       314        64       317
       322       309       409
       329       280       226
       379       250       464
       467       281         3
       280       282       226
       215       226       282
       269       283       217
       165       217       283
        29       416        28
       271       285       225
       166       441       285
       230       286       191
       457       341       286
       255       343       198
       414       167        37
       311       288       255
       383       413       471
       326       263       174
       216        74       289
       266       290       155
       258       155       290
       419       396       347
       239       419        53
        60       461       460
        59        60       460
       206       293       273
       400        70       442
       262       294       203
       260       203       294
       290       295       258
       388        30       320
       438       392       395
       200       297       151
       181        44       386
       144       298       173
       373       388       320
       407       439        46
       249        46       439
       215       300       123
       262       123       300
        67       301        66
       356       378       301
       229       302       256
       356       385       302
       179       303       266
       147        26       437
        39       304        38
       233       382       304
       274       305       370
       318       370       305
       241       432       371
       272       399       371
       236       361       397
        18        19       397
       363       308       394
       394        43       428
        49       443       409
       156       218       362
       268       310       218
       357       349       310
       288       311        32
       228        31       338
         6       312       240
       211         5       312
       273       313       271
       237       138       473
        63       451        62
       278       321       314
       380       315       178
       246       178       315
       274       316       259
       440        93       410
       314       317       278
       221       278       317
       264       318       208
       305       208       318
        55        56       429
       131       265       319
       298       373       173
       232       332       197
       278       352       321
       309       322       210
       180        51       391
       124       370       102
       313       324       271
       285       271       324
       353       404       447
       448       326        75
       377       327       269
       283       269       327
       298       328       213
       228       213       328
       280       329        11
       246       315       329
       304       330       233
       276       233       330
       315       331        11
       411       427        62
       471       413       459
       381       334        22
       208       335        21
       197       336       238
       141       377        65
       311       338        32
       382       365        38
       423       340        68
       286       341        77
       216       289       341
       247       342        12
       288       383       255
       287       198       343
       444       462       469
       243       444       344
       322       345       210
       257       210       345
       413       344       444
       345       347       257
       291       257       347
       126        88       456
       300       417       389
       185       349        47
       218       310       349
        59       445       438
       421       351       368
       266       368       351
       445       352       392
       415       321       352
       282       353       215
       300       215       353
       259       354       303
       410       147       437
       358       355       293
       273       293       355
       378       356       229
       302       229       356
       349       357        47
        46        47       357
       302       358       293
       248       176       400
       291       359       265
       319       265       359
        43       394       425
       418       397       307
       214       307       361
       156       362       309
       279        49       409
       308       363       276
       297       276       363
       116       431       220
        38       365       339
        37       339       365
       361       366       214
       119       214       366
       363       386       297
       151       297       367
       303       368       266
       433       284       421
       367       369       277
       299       277       369
       102       370       403
       318       401       403
       272       371       306
       241         8       432
       354       372       303
        27       433       372
       173       373       320
       295       388       373
       167       476       234
       369       375       299
       310       299       375
       230       376       286
       244       140       376
        65       377       337
       269       317       377
       301       378        66
       283       327       378
       342       402       280
       282       280       379
       267       380       127
       251       127       380
       252       381        23
        22        23       381
       304       382        38
       235       365       382
       469       462       477
       343       255       383
       383       384       343
       287       343       384
       302       385       358
       446       108       424
       297       386       367
        44        45       386
       392       275       395
       421       416       351
       295       351       388
       300       389       348
        17       126       456
       348       390       294
       135       463       452
       196       391        51
       322       443       391
       275       392       292
       352       292       392
       391       393       345
       347       345       393
        42        43       425
       308       145       394
       387       438       465
       454       296       465
       347       396       291
        54       192       396
       307       397       361
        19       236       397
       263       398       289
       116        77       398
       371       399         7
       211       312       399
        70       400       176
       358       424       400
       264       401       318
       227       403       401
       280       402       379
        13        14       402
       318       403       370
       323       102       403
       282       404       353
       186       190       404
        24       405       124
       370       124       405
       380       406         9
       306       432       406
       375       407       310
       357       310       407
        25       408        24
       405        24       408
       279       409       362
       309       362       409
       316       410       354
       171       147       410
       321       411       314
       188        64       466
       367       412       369
       132       369       412
       288       413       383
        35       333       475
       479       476       472
       384       458       414
       445       415       352
       197       427       415
       351       416       388
        29       195       416
       449       417        16
       353       447       417
       390       418       307
        18       397       418
        53       419        52
       393       453       419
       296       454       219
       275        57       420
       416       421        28
       284        28       421
       135       422        88
       456        88       422
       301       423       356
       385       356       423
       248       424       108
       385       446       424
        42       425       360
       394       360       425
       431       426       364
        62       427       332
       197       332       427
       394       428       363
       386       363       428
       436       429       359
       319       359       429
       459       444       469
       220       431       364
       263       448       431
       371       432       306
         9       406       432
       372       433       368
       143       284       433
       285       434       166
       197       461       336
       396       436       359
        55       429       436
       410       437       372
        26        27       437
        59       438       387
       395       465       438
       249       439       375
       407       375       439
        93       440       245
       408       245       440
       285       441       225
        74       216       441
       400       442       355
       313       355       442
       391       443       180
        50       180       443
       477       430        34
       243       169       462
       460       445        59
       392       438       445
       108       446        69
        68        69       446
       417       447        16
       325        16       447
       326       448       263
       426       431       448
       417       449       389
        17       456       449
       194       450        56
       429        56       450
        62       451       411
       188       466       451
       422       452       390
       418       390       452
        52       453       196
       391       196       453
       183       454       420
       395       420       454
       473       455       237
        71       237       455
       449       456       389
       422       389       456
       341       457       112
         5       112       457
       383       471       384
       479       374       476
       444       459       413
       474       470       459
       445       460       415
        60       435       461
       460       461       415
       197       415       461
       243       462       444
       261       346       477
       452       463       152
       379       464       282
       113       404       464
       454       465       395
       350       387       465
       451       466       411
       314       411       466
       281       467       230
         4       230       467
       324       468       285
        73       434       468
       478       469       477
       477        34       478
       471       470       458
       333        36       475
       384       471       458
       459       470       471
       470       472       458
       414       458       472
       455       473       324
       138        72       473
       469       474       459
        35       475       474
       474       475       470
       472       470       475
       472       476       414
       167       414       476
       430       477       346
       462       261       477
       469       478       474
        35       474       478
       374       479        36
       475        36       479
#
# Interior constraint vertex list
 0  Number of interior constraint vertices
